# BIIMOO X/Y/Z plot
BIIMOO,bIIMOO,BiIMOO,BIiMOO,BIImOO,BIIMoO,BIIMOo,biimoo
BIIMOO,Biimoo,bIimoo,biImoo,biiMoo,biimOo,biimoO,biimoo

# All
All1,All.9,All.8,All.7,All.6,All.5,All.4,All.3,All.2,All.1,All0,AllR,AllU
All1:1,1,1,1,1,1,1,1,1,1,1,1,1,1,1,1,1,1,1,1,1,1,1,1,1,1
All.9:0.9,0.9,0.9,0.9,0.9,0.9,0.9,0.9,0.9,0.9,0.9,0.9,0.9,0.9,0.9,0.9,0.9,0.9,0.9,0.9,0.9,0.9,0.9,0.9,0.9,0.9
All.8:0.8,0.8,0.8,0.8,0.8,0.8,0.8,0.8,0.8,0.8,0.8,0.8,0.8,0.8,0.8,0.8,0.8,0.8,0.8,0.8,0.8,0.8,0.8,0.8,0.8,0.8
All.7:0.7,0.7,0.7,0.7,0.7,0.7,0.7,0.7,0.7,0.7,0.7,0.7,0.7,0.7,0.7,0.7,0.7,0.7,0.7,0.7,0.7,0.7,0.7,0.7,0.7,0.7
All.6:0.6,0.6,0.6,0.6,0.6,0.6,0.6,0.6,0.6,0.6,0.6,0.6,0.6,0.6,0.6,0.6,0.6,0.6,0.6,0.6,0.6,0.6,0.6,0.6,0.6,0.6
All.5:0.5,0.5,0.5,0.5,0.5,0.5,0.5,0.5,0.5,0.5,0.5,0.5,0.5,0.5,0.5,0.5,0.5,0.5,0.5,0.5,0.5,0.5,0.5,0.5,0.5,0.5
All.4:0.4,0.4,0.4,0.4,0.4,0.4,0.4,0.4,0.4,0.4,0.4,0.4,0.4,0.4,0.4,0.4,0.4,0.4,0.4,0.4,0.4,0.4,0.4,0.4,0.4,0.4
All.3:0.3,0.3,0.3,0.3,0.3,0.3,0.3,0.3,0.3,0.3,0.3,0.3,0.3,0.3,0.3,0.3,0.3,0.3,0.3,0.3,0.3,0.3,0.3,0.3,0.3,0.3
All.2:0.2,0.2,0.2,0.2,0.2,0.2,0.2,0.2,0.2,0.2,0.2,0.2,0.2,0.2,0.2,0.2,0.2,0.2,0.2,0.2,0.2,0.2,0.2,0.2,0.2,0.2
All.1:0.1,0.1,0.1,0.1,0.1,0.1,0.1,0.1,0.1,0.1,0.1,0.1,0.1,0.1,0.1,0.1,0.1,0.1,0.1,0.1,0.1,0.1,0.1,0.1,0.1,0.1
All0:0,0,0,0,0,0,0,0,0,0,0,0,0,0,0,0,0,0,0,0,0,0,0,0,0,0
AllR:R,R,R,R,R,R,R,R,R,R,R,R,R,R,R,R,R,R,R,R,R,R,R,R,R,R
AllU:U,U,U,U,U,U,U,U,U,U,U,U,U,U,U,U,U,U,U,U,U,U,U,U,U,U

# 5ch
5chNIn,5chNIn1,5chFace,5chNFace,5chChar,5chCharNB,5chPose,5chNPaint,5chNPaintNFace
5chNIn:1,0,0,0,0,0,0,0,1,1,1,1,1,1,1,1,1
5chNIn1:1,0,1,1,1,1,1,1,1,1,1,1,1,1,1,1,1
5chFace:0,0,0,0,0,0,0,0,1,1,1,0,0,0,0,0,0
5chNFace:1,1,1,1,1,1,1,1,0,0,0,1,1,1,1,1,1
5chChar:1,1,1,1,1,0,0,0,1,1,1,1,1,1,1,0,0
5chCharNB:0,1,1,1,1,0,0,0,1,1,1,1,1,1,1,0,0
5chPose:0,0,0,0,0,0,1,1,1,1,0,0,0,0,0,0,0
5chNPaint:1,1,1,1,1,1,1,1,1,1,1,1,1,1,1,0,0
5chNPaintNFace:1,1,1,1,1,1,1,1,0,0,0,1,1,1,1,0,0

# Default
NONE,ALL,INS,IND,INALL,MIDD,OUTD,OUTS,OUTALL,ALL0.5
NONE:0,0,0,0,0,0,0,0,0,0,0,0,0,0,0,0,0
ALL:1,1,1,1,1,1,1,1,1,1,1,1,1,1,1,1,1
INS:1,1,1,1,0,0,0,0,0,0,0,0,0,0,0,0,0
IND:1,0,0,0,1,1,1,0,0,0,0,0,0,0,0,0,0
INALL:1,1,1,1,1,1,1,0,0,0,0,0,0,0,0,0,0
MIDD:1,0,0,0,1,1,1,1,1,1,1,1,0,0,0,0,0
OUTD:1,0,0,0,0,0,0,0,1,1,1,1,0,0,0,0,0
OUTS:1,0,0,0,0,0,0,0,0,0,0,0,1,1,1,1,1
OUTALL:1,0,0,0,0,0,0,0,1,1,1,1,1,1,1,1,1
ALL0.5:0.5,0.5,0.5,0.5,0.5,0.5,0.5,0.5,0.5,0.5,0.5,0.5,0.5,0.5,0.5,0.5,0.5

# BIMO Table
BIMO:1,1,1,1,1,1,1,1,1,1,1,1,1,1,1,1,1,1,1,1
BIMo:1,1,1,1,1,1,1,1,1,1,1,0,0,0,0,0,0,0,0,0
BImO:1,1,1,1,1,1,1,1,1,1,0,1,1,1,1,1,1,1,1,1
BImo:1,1,1,1,1,1,1,1,1,1,0,0,0,0,0,0,0,0,0,0
BiMO:1,0,0,0,0,0,0,0,0,0,1,1,1,1,1,1,1,1,1,1
BiMo:1,0,0,0,0,0,0,0,0,0,1,0,0,0,0,0,0,0,0,0
BimO:1,0,0,0,0,0,0,0,0,0,0,1,1,1,1,1,1,1,1,1
Bimo:1,0,0,0,0,0,0,0,0,0,0,0,0,0,0,0,0,0,0,0
bIMO:0,1,1,1,1,1,1,1,1,1,1,1,1,1,1,1,1,1,1,1
bIMo:0,1,1,1,1,1,1,1,1,1,1,0,0,0,0,0,0,0,0,0
bImO:0,1,1,1,1,1,1,1,1,1,0,1,1,1,1,1,1,1,1,1
bImo:0,1,1,1,1,1,1,1,1,1,0,0,0,0,0,0,0,0,0,0
biMO:0,0,0,0,0,0,0,0,0,0,1,1,1,1,1,1,1,1,1,1
biMo:0,0,0,0,0,0,0,0,0,0,1,0,0,0,0,0,0,0,0,0
bimO:0,0,0,0,0,0,0,0,0,0,0,1,1,1,1,1,1,1,1,1
bimo:0,0,0,0,0,0,0,0,0,0,0,0,0,0,0,0,0,0,0,0

# BIIMOO Table
BIIMOO:1,1,1,1,1,1,1,1,1,1,1,1,1,1,1,1,1,1,1,1
BIIMOo:1,1,1,1,1,1,1,1,1,1,1,1,1,0,0,0,0,0,0,0
BIIMoO:1,1,1,1,1,1,1,1,1,1,1,0,0,1,1,1,1,1,1,1
BIIMoo:1,1,1,1,1,1,1,1,1,1,1,0,0,0,0,0,0,0,0,0
BIImOO:1,1,1,1,1,1,1,1,1,1,0,1,1,1,1,1,1,1,1,1
BIImOo:1,1,1,1,1,1,1,1,1,1,0,1,1,0,0,0,0,0,0,0
BIImoO:1,1,1,1,1,1,1,1,1,1,0,0,0,1,1,1,1,1,1,1
BIImoo:1,1,1,1,1,1,1,1,1,1,0,0,0,0,0,0,0,0,0,0
BIiMOO:1,1,1,1,1,1,1,1,1,0,1,1,1,1,1,1,1,1,1,1
BIiMOo:1,1,1,1,1,1,1,1,1,0,1,1,1,0,0,0,0,0,0,0
BIiMoO:1,1,1,1,1,1,1,1,1,0,1,0,0,1,1,1,1,1,1,1
BIiMoo:1,1,1,1,1,1,1,1,1,0,1,0,0,0,0,0,0,0,0,0
BIimOO:1,1,1,1,1,1,1,1,1,0,0,1,1,1,1,1,1,1,1,1
BIimOo:1,1,1,1,1,1,1,1,1,0,0,1,1,0,0,0,0,0,0,0
BIimoO:1,1,1,1,1,1,1,1,1,0,0,0,0,1,1,1,1,1,1,1
BIimoo:1,1,1,1,1,1,1,1,1,0,0,0,0,0,0,0,0,0,0,0
BiIMOO:1,0,0,0,0,0,0,0,0,1,1,1,1,1,1,1,1,1,1,1
BiIMOo:1,0,0,0,0,0,0,0,0,1,1,1,1,0,0,0,0,0,0,0
BiIMoO:1,0,0,0,0,0,0,0,0,1,1,0,0,1,1,1,1,1,1,1
BiIMoo:1,0,0,0,0,0,0,0,0,1,1,0,0,0,0,0,0,0,0,0
BiImOO:1,0,0,0,0,0,0,0,0,1,0,1,1,1,1,1,1,1,1,1
BiImOo:1,0,0,0,0,0,0,0,0,1,0,1,1,0,0,0,0,0,0,0
BiImoO:1,0,0,0,0,0,0,0,0,1,0,0,0,1,1,1,1,1,1,1
BiImoo:1,0,0,0,0,0,0,0,0,1,0,0,0,0,0,0,0,0,0,0
BiiMOO:1,0,0,0,0,0,0,0,0,0,1,1,1,1,1,1,1,1,1,1
BiiMOo:1,0,0,0,0,0,0,0,0,0,1,1,1,0,0,0,0,0,0,0
BiiMoO:1,0,0,0,0,0,0,0,0,0,1,0,0,1,1,1,1,1,1,1
BiiMoo:1,0,0,0,0,0,0,0,0,0,1,0,0,0,0,0,0,0,0,0
BiimOO:1,0,0,0,0,0,0,0,0,0,0,1,1,1,1,1,1,1,1,1
BiimOo:1,0,0,0,0,0,0,0,0,0,0,1,1,0,0,0,0,0,0,0
BiimoO:1,0,0,0,0,0,0,0,0,0,0,0,0,1,1,1,1,1,1,1
Biimoo:1,0,0,0,0,0,0,0,0,0,0,0,0,0,0,0,0,0,0,0
bIIMOO:0,1,1,1,1,1,1,1,1,1,1,1,1,1,1,1,1,1,1,1
bIIMOo:0,1,1,1,1,1,1,1,1,1,1,1,1,0,0,0,0,0,0,0
bIIMoO:0,1,1,1,1,1,1,1,1,1,1,0,0,1,1,1,1,1,1,1
bIIMoo:0,1,1,1,1,1,1,1,1,1,1,0,0,0,0,0,0,0,0,0
bIImOO:0,1,1,1,1,1,1,1,1,1,0,1,1,1,1,1,1,1,1,1
bIImOo:0,1,1,1,1,1,1,1,1,1,0,1,1,0,0,0,0,0,0,0
bIImoO:0,1,1,1,1,1,1,1,1,1,0,0,0,1,1,1,1,1,1,1
bIImoo:0,1,1,1,1,1,1,1,1,1,0,0,0,0,0,0,0,0,0,0
bIiMOO:0,1,1,1,1,1,1,1,1,0,1,1,1,1,1,1,1,1,1,1
bIiMOo:0,1,1,1,1,1,1,1,1,0,1,1,1,0,0,0,0,0,0,0
bIiMoO:0,1,1,1,1,1,1,1,1,0,1,0,0,1,1,1,1,1,1,1
bIiMoo:0,1,1,1,1,1,1,1,1,0,1,0,0,0,0,0,0,0,0,0
bIimOO:0,1,1,1,1,1,1,1,1,0,0,1,1,1,1,1,1,1,1,1
bIimOo:0,1,1,1,1,1,1,1,1,0,0,1,1,0,0,0,0,0,0,0
bIimoO:0,1,1,1,1,1,1,1,1,0,0,0,0,1,1,1,1,1,1,1
bIimoo:0,1,1,1,1,1,1,1,1,0,0,0,0,0,0,0,0,0,0,0
biIMOO:0,0,0,0,0,0,0,0,0,1,1,1,1,1,1,1,1,1,1,1
biIMOo:0,0,0,0,0,0,0,0,0,1,1,1,1,0,0,0,0,0,0,0
biIMoO:0,0,0,0,0,0,0,0,0,1,1,0,0,1,1,1,1,1,1,1
biIMoo:0,0,0,0,0,0,0,0,0,1,1,0,0,0,0,0,0,0,0,0
biImOO:0,0,0,0,0,0,0,0,0,1,0,1,1,1,1,1,1,1,1,1
biImOo:0,0,0,0,0,0,0,0,0,1,0,1,1,0,0,0,0,0,0,0
biImoO:0,0,0,0,0,0,0,0,0,1,0,0,0,1,1,1,1,1,1,1
biImoo:0,0,0,0,0,0,0,0,0,1,0,0,0,0,0,0,0,0,0,0
biiMOO:0,0,0,0,0,0,0,0,0,0,1,1,1,1,1,1,1,1,1,1
biiMOo:0,0,0,0,0,0,0,0,0,0,1,1,1,0,0,0,0,0,0,0
biiMoO:0,0,0,0,0,0,0,0,0,0,1,0,0,1,1,1,1,1,1,1
biiMoo:0,0,0,0,0,0,0,0,0,0,1,0,0,0,0,0,0,0,0,0
biimOO:0,0,0,0,0,0,0,0,0,0,0,1,1,1,1,1,1,1,1,1
biimOo:0,0,0,0,0,0,0,0,0,0,0,1,1,0,0,0,0,0,0,0
biimoO:0,0,0,0,0,0,0,0,0,0,0,0,0,1,1,1,1,1,1,1
biimoo:0,0,0,0,0,0,0,0,0,0,0,0,0,0,0,0,0,0,0,0

# BIIIMOOO Table
BIIIMOOO:1,1,1,1,1,1,1,1,1,1,1,1,1,1,1,1,1,1,1,1
BIIIMOOo:1,1,1,1,1,1,1,1,1,1,1,1,1,0,0,0,0,0,0,0
BIIIMOoO:1,1,1,1,1,1,1,1,1,1,1,1,0,1,1,1,1,1,1,1
BIIIMOoo:1,1,1,1,1,1,1,1,1,1,1,1,0,0,0,0,0,0,0,0
BIIIMoOO:1,1,1,1,1,1,1,1,1,1,1,0,1,1,1,1,1,1,1,1
BIIIMoOo:1,1,1,1,1,1,1,1,1,1,1,0,1,0,0,0,0,0,0,0
BIIIMooO:1,1,1,1,1,1,1,1,1,1,1,0,0,1,1,1,1,1,1,1
BIIIMooo:1,1,1,1,1,1,1,1,1,1,1,0,0,0,0,0,0,0,0,0
BIIImOOO:1,1,1,1,1,1,1,1,1,1,0,1,1,1,1,1,1,1,1,1
BIIImOOo:1,1,1,1,1,1,1,1,1,1,0,1,1,0,0,0,0,0,0,0
BIIImOoO:1,1,1,1,1,1,1,1,1,1,0,1,0,1,1,1,1,1,1,1
BIIImOoo:1,1,1,1,1,1,1,1,1,1,0,1,0,0,0,0,0,0,0,0
BIIImoOO:1,1,1,1,1,1,1,1,1,1,0,0,1,1,1,1,1,1,1,1
BIIImoOo:1,1,1,1,1,1,1,1,1,1,0,0,1,0,0,0,0,0,0,0
BIIImooO:1,1,1,1,1,1,1,1,1,1,0,0,0,1,1,1,1,1,1,1
BIIImooo:1,1,1,1,1,1,1,1,1,1,0,0,0,0,0,0,0,0,0,0
BIIiMOOO:1,1,1,1,1,1,1,1,1,0,1,1,1,1,1,1,1,1,1,1
BIIiMOOo:1,1,1,1,1,1,1,1,1,0,1,1,1,0,0,0,0,0,0,0
BIIiMOoO:1,1,1,1,1,1,1,1,1,0,1,1,0,1,1,1,1,1,1,1
BIIiMOoo:1,1,1,1,1,1,1,1,1,0,1,1,0,0,0,0,0,0,0,0
BIIiMoOO:1,1,1,1,1,1,1,1,1,0,1,0,1,1,1,1,1,1,1,1
BIIiMoOo:1,1,1,1,1,1,1,1,1,0,1,0,1,0,0,0,0,0,0,0
BIIiMooO:1,1,1,1,1,1,1,1,1,0,1,0,0,1,1,1,1,1,1,1
BIIiMooo:1,1,1,1,1,1,1,1,1,0,1,0,0,0,0,0,0,0,0,0
BIIimOOO:1,1,1,1,1,1,1,1,1,0,0,1,1,1,1,1,1,1,1,1
BIIimOOo:1,1,1,1,1,1,1,1,1,0,0,1,1,0,0,0,0,0,0,0
BIIimOoO:1,1,1,1,1,1,1,1,1,0,0,1,0,1,1,1,1,1,1,1
BIIimOoo:1,1,1,1,1,1,1,1,1,0,0,1,0,0,0,0,0,0,0,0
BIIimoOO:1,1,1,1,1,1,1,1,1,0,0,0,1,1,1,1,1,1,1,1
BIIimoOo:1,1,1,1,1,1,1,1,1,0,0,0,1,0,0,0,0,0,0,0
BIIimooO:1,1,1,1,1,1,1,1,1,0,0,0,0,1,1,1,1,1,1,1
BIIimooo:1,1,1,1,1,1,1,1,1,0,0,0,0,0,0,0,0,0,0,0
BIiIMOOO:1,1,1,1,1,1,1,1,0,1,1,1,1,1,1,1,1,1,1,1
BIiIMOOo:1,1,1,1,1,1,1,1,0,1,1,1,1,0,0,0,0,0,0,0
BIiIMOoO:1,1,1,1,1,1,1,1,0,1,1,1,0,1,1,1,1,1,1,1
BIiIMOoo:1,1,1,1,1,1,1,1,0,1,1,1,0,0,0,0,0,0,0,0
BIiIMoOO:1,1,1,1,1,1,1,1,0,1,1,0,1,1,1,1,1,1,1,1
BIiIMoOo:1,1,1,1,1,1,1,1,0,1,1,0,1,0,0,0,0,0,0,0
BIiIMooO:1,1,1,1,1,1,1,1,0,1,1,0,0,1,1,1,1,1,1,1
BIiIMooo:1,1,1,1,1,1,1,1,0,1,1,0,0,0,0,0,0,0,0,0
BIiImOOO:1,1,1,1,1,1,1,1,0,1,0,1,1,1,1,1,1,1,1,1
BIiImOOo:1,1,1,1,1,1,1,1,0,1,0,1,1,0,0,0,0,0,0,0
BIiImOoO:1,1,1,1,1,1,1,1,0,1,0,1,0,1,1,1,1,1,1,1
BIiImOoo:1,1,1,1,1,1,1,1,0,1,0,1,0,0,0,0,0,0,0,0
BIiImoOO:1,1,1,1,1,1,1,1,0,1,0,0,1,1,1,1,1,1,1,1
BIiImoOo:1,1,1,1,1,1,1,1,0,1,0,0,1,0,0,0,0,0,0,0
BIiImooO:1,1,1,1,1,1,1,1,0,1,0,0,0,1,1,1,1,1,1,1
BIiImooo:1,1,1,1,1,1,1,1,0,1,0,0,0,0,0,0,0,0,0,0
BIiiMOOO:1,1,1,1,1,1,1,1,0,0,1,1,1,1,1,1,1,1,1,1
BIiiMOOo:1,1,1,1,1,1,1,1,0,0,1,1,1,0,0,0,0,0,0,0
BIiiMOoO:1,1,1,1,1,1,1,1,0,0,1,1,0,1,1,1,1,1,1,1
BIiiMOoo:1,1,1,1,1,1,1,1,0,0,1,1,0,0,0,0,0,0,0,0
BIiiMoOO:1,1,1,1,1,1,1,1,0,0,1,0,1,1,1,1,1,1,1,1
BIiiMoOo:1,1,1,1,1,1,1,1,0,0,1,0,1,0,0,0,0,0,0,0
BIiiMooO:1,1,1,1,1,1,1,1,0,0,1,0,0,1,1,1,1,1,1,1
BIiiMooo:1,1,1,1,1,1,1,1,0,0,1,0,0,0,0,0,0,0,0,0
BIiimOOO:1,1,1,1,1,1,1,1,0,0,0,1,1,1,1,1,1,1,1,1
BIiimOOo:1,1,1,1,1,1,1,1,0,0,0,1,1,0,0,0,0,0,0,0
BIiimOoO:1,1,1,1,1,1,1,1,0,0,0,1,0,1,1,1,1,1,1,1
BIiimOoo:1,1,1,1,1,1,1,1,0,0,0,1,0,0,0,0,0,0,0,0
BIiimoOO:1,1,1,1,1,1,1,1,0,0,0,0,1,1,1,1,1,1,1,1
BIiimoOo:1,1,1,1,1,1,1,1,0,0,0,0,1,0,0,0,0,0,0,0
BIiimooO:1,1,1,1,1,1,1,1,0,0,0,0,0,1,1,1,1,1,1,1
BIiimooo:1,1,1,1,1,1,1,1,0,0,0,0,0,0,0,0,0,0,0,0
BiIIMOOO:1,0,0,0,0,0,0,0,1,1,1,1,1,1,1,1,1,1,1,1
BiIIMOOo:1,0,0,0,0,0,0,0,1,1,1,1,1,0,0,0,0,0,0,0
BiIIMOoO:1,0,0,0,0,0,0,0,1,1,1,1,0,1,1,1,1,1,1,1
BiIIMOoo:1,0,0,0,0,0,0,0,1,1,1,1,0,0,0,0,0,0,0,0
BiIIMoOO:1,0,0,0,0,0,0,0,1,1,1,0,1,1,1,1,1,1,1,1
BiIIMoOo:1,0,0,0,0,0,0,0,1,1,1,0,1,0,0,0,0,0,0,0
BiIIMooO:1,0,0,0,0,0,0,0,1,1,1,0,0,1,1,1,1,1,1,1
BiIIMooo:1,0,0,0,0,0,0,0,1,1,1,0,0,0,0,0,0,0,0,0
BiIImOOO:1,0,0,0,0,0,0,0,1,1,0,1,1,1,1,1,1,1,1,1
BiIImOOo:1,0,0,0,0,0,0,0,1,1,0,1,1,0,0,0,0,0,0,0
BiIImOoO:1,0,0,0,0,0,0,0,1,1,0,1,0,1,1,1,1,1,1,1
BiIImOoo:1,0,0,0,0,0,0,0,1,1,0,1,0,0,0,0,0,0,0,0
BiIImoOO:1,0,0,0,0,0,0,0,1,1,0,0,1,1,1,1,1,1,1,1
BiIImoOo:1,0,0,0,0,0,0,0,1,1,0,0,1,0,0,0,0,0,0,0
BiIImooO:1,0,0,0,0,0,0,0,1,1,0,0,0,1,1,1,1,1,1,1
BiIImooo:1,0,0,0,0,0,0,0,1,1,0,0,0,0,0,0,0,0,0,0
BiIiMOOO:1,0,0,0,0,0,0,0,1,0,1,1,1,1,1,1,1,1,1,1
BiIiMOOo:1,0,0,0,0,0,0,0,1,0,1,1,1,0,0,0,0,0,0,0
BiIiMOoO:1,0,0,0,0,0,0,0,1,0,1,1,0,1,1,1,1,1,1,1
BiIiMOoo:1,0,0,0,0,0,0,0,1,0,1,1,0,0,0,0,0,0,0,0
BiIiMoOO:1,0,0,0,0,0,0,0,1,0,1,0,1,1,1,1,1,1,1,1
BiIiMoOo:1,0,0,0,0,0,0,0,1,0,1,0,1,0,0,0,0,0,0,0
BiIiMooO:1,0,0,0,0,0,0,0,1,0,1,0,0,1,1,1,1,1,1,1
BiIiMooo:1,0,0,0,0,0,0,0,1,0,1,0,0,0,0,0,0,0,0,0
BiIimOOO:1,0,0,0,0,0,0,0,1,0,0,1,1,1,1,1,1,1,1,1
BiIimOOo:1,0,0,0,0,0,0,0,1,0,0,1,1,0,0,0,0,0,0,0
BiIimOoO:1,0,0,0,0,0,0,0,1,0,0,1,0,1,1,1,1,1,1,1
BiIimOoo:1,0,0,0,0,0,0,0,1,0,0,1,0,0,0,0,0,0,0,0
BiIimoOO:1,0,0,0,0,0,0,0,1,0,0,0,1,1,1,1,1,1,1,1
BiIimoOo:1,0,0,0,0,0,0,0,1,0,0,0,1,0,0,0,0,0,0,0
BiIimooO:1,0,0,0,0,0,0,0,1,0,0,0,0,1,1,1,1,1,1,1
BiIimooo:1,0,0,0,0,0,0,0,1,0,0,0,0,0,0,0,0,0,0,0
BiiIMOOO:1,0,0,0,0,0,0,0,0,1,1,1,1,1,1,1,1,1,1,1
BiiIMOOo:1,0,0,0,0,0,0,0,0,1,1,1,1,0,0,0,0,0,0,0
BiiIMOoO:1,0,0,0,0,0,0,0,0,1,1,1,0,1,1,1,1,1,1,1
BiiIMOoo:1,0,0,0,0,0,0,0,0,1,1,1,0,0,0,0,0,0,0,0
BiiIMoOO:1,0,0,0,0,0,0,0,0,1,1,0,1,1,1,1,1,1,1,1
BiiIMoOo:1,0,0,0,0,0,0,0,0,1,1,0,1,0,0,0,0,0,0,0
BiiIMooO:1,0,0,0,0,0,0,0,0,1,1,0,0,1,1,1,1,1,1,1
BiiIMooo:1,0,0,0,0,0,0,0,0,1,1,0,0,0,0,0,0,0,0,0
BiiImOOO:1,0,0,0,0,0,0,0,0,1,0,1,1,1,1,1,1,1,1,1
BiiImOOo:1,0,0,0,0,0,0,0,0,1,0,1,1,0,0,0,0,0,0,0
BiiImOoO:1,0,0,0,0,0,0,0,0,1,0,1,0,1,1,1,1,1,1,1
BiiImOoo:1,0,0,0,0,0,0,0,0,1,0,1,0,0,0,0,0,0,0,0
BiiImoOO:1,0,0,0,0,0,0,0,0,1,0,0,1,1,1,1,1,1,1,1
BiiImoOo:1,0,0,0,0,0,0,0,0,1,0,0,1,0,0,0,0,0,0,0
BiiImooO:1,0,0,0,0,0,0,0,0,1,0,0,0,1,1,1,1,1,1,1
BiiImooo:1,0,0,0,0,0,0,0,0,1,0,0,0,0,0,0,0,0,0,0
BiiiMOOO:1,0,0,0,0,0,0,0,0,0,1,1,1,1,1,1,1,1,1,1
BiiiMOOo:1,0,0,0,0,0,0,0,0,0,1,1,1,0,0,0,0,0,0,0
BiiiMOoO:1,0,0,0,0,0,0,0,0,0,1,1,0,1,1,1,1,1,1,1
BiiiMOoo:1,0,0,0,0,0,0,0,0,0,1,1,0,0,0,0,0,0,0,0
BiiiMoOO:1,0,0,0,0,0,0,0,0,0,1,0,1,1,1,1,1,1,1,1
BiiiMoOo:1,0,0,0,0,0,0,0,0,0,1,0,1,0,0,0,0,0,0,0
BiiiMooO:1,0,0,0,0,0,0,0,0,0,1,0,0,1,1,1,1,1,1,1
BiiiMooo:1,0,0,0,0,0,0,0,0,0,1,0,0,0,0,0,0,0,0,0
BiiimOOO:1,0,0,0,0,0,0,0,0,0,0,1,1,1,1,1,1,1,1,1
BiiimOOo:1,0,0,0,0,0,0,0,0,0,0,1,1,0,0,0,0,0,0,0
BiiimOoO:1,0,0,0,0,0,0,0,0,0,0,1,0,1,1,1,1,1,1,1
BiiimOoo:1,0,0,0,0,0,0,0,0,0,0,1,0,0,0,0,0,0,0,0
BiiimoOO:1,0,0,0,0,0,0,0,0,0,0,0,1,1,1,1,1,1,1,1
BiiimoOo:1,0,0,0,0,0,0,0,0,0,0,0,1,0,0,0,0,0,0,0
BiiimooO:1,0,0,0,0,0,0,0,0,0,0,0,0,1,1,1,1,1,1,1
Biiimooo:1,0,0,0,0,0,0,0,0,0,0,0,0,0,0,0,0,0,0,0
bIIIMOOO:0,1,1,1,1,1,1,1,1,1,1,1,1,1,1,1,1,1,1,1
bIIIMOOo:0,1,1,1,1,1,1,1,1,1,1,1,1,0,0,0,0,0,0,0
bIIIMOoO:0,1,1,1,1,1,1,1,1,1,1,1,0,1,1,1,1,1,1,1
bIIIMOoo:0,1,1,1,1,1,1,1,1,1,1,1,0,0,0,0,0,0,0,0
bIIIMoOO:0,1,1,1,1,1,1,1,1,1,1,0,1,1,1,1,1,1,1,1
bIIIMoOo:0,1,1,1,1,1,1,1,1,1,1,0,1,0,0,0,0,0,0,0
bIIIMooO:0,1,1,1,1,1,1,1,1,1,1,0,0,1,1,1,1,1,1,1
bIIIMooo:0,1,1,1,1,1,1,1,1,1,1,0,0,0,0,0,0,0,0,0
bIIImOOO:0,1,1,1,1,1,1,1,1,1,0,1,1,1,1,1,1,1,1,1
bIIImOOo:0,1,1,1,1,1,1,1,1,1,0,1,1,0,0,0,0,0,0,0
bIIImOoO:0,1,1,1,1,1,1,1,1,1,0,1,0,1,1,1,1,1,1,1
bIIImOoo:0,1,1,1,1,1,1,1,1,1,0,1,0,0,0,0,0,0,0,0
bIIImoOO:0,1,1,1,1,1,1,1,1,1,0,0,1,1,1,1,1,1,1,1
bIIImoOo:0,1,1,1,1,1,1,1,1,1,0,0,1,0,0,0,0,0,0,0
bIIImooO:0,1,1,1,1,1,1,1,1,1,0,0,0,1,1,1,1,1,1,1
bIIImooo:0,1,1,1,1,1,1,1,1,1,0,0,0,0,0,0,0,0,0,0
bIIiMOOO:0,1,1,1,1,1,1,1,1,0,1,1,1,1,1,1,1,1,1,1
bIIiMOOo:0,1,1,1,1,1,1,1,1,0,1,1,1,0,0,0,0,0,0,0
bIIiMOoO:0,1,1,1,1,1,1,1,1,0,1,1,0,1,1,1,1,1,1,1
bIIiMOoo:0,1,1,1,1,1,1,1,1,0,1,1,0,0,0,0,0,0,0,0
bIIiMoOO:0,1,1,1,1,1,1,1,1,0,1,0,1,1,1,1,1,1,1,1
bIIiMoOo:0,1,1,1,1,1,1,1,1,0,1,0,1,0,0,0,0,0,0,0
bIIiMooO:0,1,1,1,1,1,1,1,1,0,1,0,0,1,1,1,1,1,1,1
bIIiMooo:0,1,1,1,1,1,1,1,1,0,1,0,0,0,0,0,0,0,0,0
bIIimOOO:0,1,1,1,1,1,1,1,1,0,0,1,1,1,1,1,1,1,1,1
bIIimOOo:0,1,1,1,1,1,1,1,1,0,0,1,1,0,0,0,0,0,0,0
bIIimOoO:0,1,1,1,1,1,1,1,1,0,0,1,0,1,1,1,1,1,1,1
bIIimOoo:0,1,1,1,1,1,1,1,1,0,0,1,0,0,0,0,0,0,0,0
bIIimoOO:0,1,1,1,1,1,1,1,1,0,0,0,1,1,1,1,1,1,1,1
bIIimoOo:0,1,1,1,1,1,1,1,1,0,0,0,1,0,0,0,0,0,0,0
bIIimooO:0,1,1,1,1,1,1,1,1,0,0,0,0,1,1,1,1,1,1,1
bIIimooo:0,1,1,1,1,1,1,1,1,0,0,0,0,0,0,0,0,0,0,0
bIiIMOOO:0,1,1,1,1,1,1,1,0,1,1,1,1,1,1,1,1,1,1,1
bIiIMOOo:0,1,1,1,1,1,1,1,0,1,1,1,1,0,0,0,0,0,0,0
bIiIMOoO:0,1,1,1,1,1,1,1,0,1,1,1,0,1,1,1,1,1,1,1
bIiIMOoo:0,1,1,1,1,1,1,1,0,1,1,1,0,0,0,0,0,0,0,0
bIiIMoOO:0,1,1,1,1,1,1,1,0,1,1,0,1,1,1,1,1,1,1,1
bIiIMoOo:0,1,1,1,1,1,1,1,0,1,1,0,1,0,0,0,0,0,0,0
bIiIMooO:0,1,1,1,1,1,1,1,0,1,1,0,0,1,1,1,1,1,1,1
bIiIMooo:0,1,1,1,1,1,1,1,0,1,1,0,0,0,0,0,0,0,0,0
bIiImOOO:0,1,1,1,1,1,1,1,0,1,0,1,1,1,1,1,1,1,1,1
bIiImOOo:0,1,1,1,1,1,1,1,0,1,0,1,1,0,0,0,0,0,0,0
bIiImOoO:0,1,1,1,1,1,1,1,0,1,0,1,0,1,1,1,1,1,1,1
bIiImOoo:0,1,1,1,1,1,1,1,0,1,0,1,0,0,0,0,0,0,0,0
bIiImoOO:0,1,1,1,1,1,1,1,0,1,0,0,1,1,1,1,1,1,1,1
bIiImoOo:0,1,1,1,1,1,1,1,0,1,0,0,1,0,0,0,0,0,0,0
bIiImooO:0,1,1,1,1,1,1,1,0,1,0,0,0,1,1,1,1,1,1,1
bIiImooo:0,1,1,1,1,1,1,1,0,1,0,0,0,0,0,0,0,0,0,0
bIiiMOOO:0,1,1,1,1,1,1,1,0,0,1,1,1,1,1,1,1,1,1,1
bIiiMOOo:0,1,1,1,1,1,1,1,0,0,1,1,1,0,0,0,0,0,0,0
bIiiMOoO:0,1,1,1,1,1,1,1,0,0,1,1,0,1,1,1,1,1,1,1
bIiiMOoo:0,1,1,1,1,1,1,1,0,0,1,1,0,0,0,0,0,0,0,0
bIiiMoOO:0,1,1,1,1,1,1,1,0,0,1,0,1,1,1,1,1,1,1,1
bIiiMoOo:0,1,1,1,1,1,1,1,0,0,1,0,1,0,0,0,0,0,0,0
bIiiMooO:0,1,1,1,1,1,1,1,0,0,1,0,0,1,1,1,1,1,1,1
bIiiMooo:0,1,1,1,1,1,1,1,0,0,1,0,0,0,0,0,0,0,0,0
bIiimOOO:0,1,1,1,1,1,1,1,0,0,0,1,1,1,1,1,1,1,1,1
bIiimOOo:0,1,1,1,1,1,1,1,0,0,0,1,1,0,0,0,0,0,0,0
bIiimOoO:0,1,1,1,1,1,1,1,0,0,0,1,0,1,1,1,1,1,1,1
bIiimOoo:0,1,1,1,1,1,1,1,0,0,0,1,0,0,0,0,0,0,0,0
bIiimoOO:0,1,1,1,1,1,1,1,0,0,0,0,1,1,1,1,1,1,1,1
bIiimoOo:0,1,1,1,1,1,1,1,0,0,0,0,1,0,0,0,0,0,0,0
bIiimooO:0,1,1,1,1,1,1,1,0,0,0,0,0,1,1,1,1,1,1,1
bIiimooo:0,1,1,1,1,1,1,1,0,0,0,0,0,0,0,0,0,0,0,0
biIIMOOO:0,0,0,0,0,0,0,0,1,1,1,1,1,1,1,1,1,1,1,1
biIIMOOo:0,0,0,0,0,0,0,0,1,1,1,1,1,0,0,0,0,0,0,0
biIIMOoO:0,0,0,0,0,0,0,0,1,1,1,1,0,1,1,1,1,1,1,1
biIIMOoo:0,0,0,0,0,0,0,0,1,1,1,1,0,0,0,0,0,0,0,0
biIIMoOO:0,0,0,0,0,0,0,0,1,1,1,0,1,1,1,1,1,1,1,1
biIIMoOo:0,0,0,0,0,0,0,0,1,1,1,0,1,0,0,0,0,0,0,0
biIIMooO:0,0,0,0,0,0,0,0,1,1,1,0,0,1,1,1,1,1,1,1
biIIMooo:0,0,0,0,0,0,0,0,1,1,1,0,0,0,0,0,0,0,0,0
biIImOOO:0,0,0,0,0,0,0,0,1,1,0,1,1,1,1,1,1,1,1,1
biIImOOo:0,0,0,0,0,0,0,0,1,1,0,1,1,0,0,0,0,0,0,0
biIImOoO:0,0,0,0,0,0,0,0,1,1,0,1,0,1,1,1,1,1,1,1
biIImOoo:0,0,0,0,0,0,0,0,1,1,0,1,0,0,0,0,0,0,0,0
biIImoOO:0,0,0,0,0,0,0,0,1,1,0,0,1,1,1,1,1,1,1,1
biIImoOo:0,0,0,0,0,0,0,0,1,1,0,0,1,0,0,0,0,0,0,0
biIImooO:0,0,0,0,0,0,0,0,1,1,0,0,0,1,1,1,1,1,1,1
biIImooo:0,0,0,0,0,0,0,0,1,1,0,0,0,0,0,0,0,0,0,0
biIiMOOO:0,0,0,0,0,0,0,0,1,0,1,1,1,1,1,1,1,1,1,1
biIiMOOo:0,0,0,0,0,0,0,0,1,0,1,1,1,0,0,0,0,0,0,0
biIiMOoO:0,0,0,0,0,0,0,0,1,0,1,1,0,1,1,1,1,1,1,1
biIiMOoo:0,0,0,0,0,0,0,0,1,0,1,1,0,0,0,0,0,0,0,0
biIiMoOO:0,0,0,0,0,0,0,0,1,0,1,0,1,1,1,1,1,1,1,1
biIiMoOo:0,0,0,0,0,0,0,0,1,0,1,0,1,0,0,0,0,0,0,0
biIiMooO:0,0,0,0,0,0,0,0,1,0,1,0,0,1,1,1,1,1,1,1
biIiMooo:0,0,0,0,0,0,0,0,1,0,1,0,0,0,0,0,0,0,0,0
biIimOOO:0,0,0,0,0,0,0,0,1,0,0,1,1,1,1,1,1,1,1,1
biIimOOo:0,0,0,0,0,0,0,0,1,0,0,1,1,0,0,0,0,0,0,0
biIimOoO:0,0,0,0,0,0,0,0,1,0,0,1,0,1,1,1,1,1,1,1
biIimOoo:0,0,0,0,0,0,0,0,1,0,0,1,0,0,0,0,0,0,0,0
biIimoOO:0,0,0,0,0,0,0,0,1,0,0,0,1,1,1,1,1,1,1,1
biIimoOo:0,0,0,0,0,0,0,0,1,0,0,0,1,0,0,0,0,0,0,0
biIimooO:0,0,0,0,0,0,0,0,1,0,0,0,0,1,1,1,1,1,1,1
biIimooo:0,0,0,0,0,0,0,0,1,0,0,0,0,0,0,0,0,0,0,0
biiIMOOO:0,0,0,0,0,0,0,0,0,1,1,1,1,1,1,1,1,1,1,1
biiIMOOo:0,0,0,0,0,0,0,0,0,1,1,1,1,0,0,0,0,0,0,0
biiIMOoO:0,0,0,0,0,0,0,0,0,1,1,1,0,1,1,1,1,1,1,1
biiIMOoo:0,0,0,0,0,0,0,0,0,1,1,1,0,0,0,0,0,0,0,0
biiIMoOO:0,0,0,0,0,0,0,0,0,1,1,0,1,1,1,1,1,1,1,1
biiIMoOo:0,0,0,0,0,0,0,0,0,1,1,0,1,0,0,0,0,0,0,0
biiIMooO:0,0,0,0,0,0,0,0,0,1,1,0,0,1,1,1,1,1,1,1
biiIMooo:0,0,0,0,0,0,0,0,0,1,1,0,0,0,0,0,0,0,0,0
biiImOOO:0,0,0,0,0,0,0,0,0,1,0,1,1,1,1,1,1,1,1,1
biiImOOo:0,0,0,0,0,0,0,0,0,1,0,1,1,0,0,0,0,0,0,0
biiImOoO:0,0,0,0,0,0,0,0,0,1,0,1,0,1,1,1,1,1,1,1
biiImOoo:0,0,0,0,0,0,0,0,0,1,0,1,0,0,0,0,0,0,0,0
biiImoOO:0,0,0,0,0,0,0,0,0,1,0,0,1,1,1,1,1,1,1,1
biiImoOo:0,0,0,0,0,0,0,0,0,1,0,0,1,0,0,0,0,0,0,0
biiImooO:0,0,0,0,0,0,0,0,0,1,0,0,0,1,1,1,1,1,1,1
biiImooo:0,0,0,0,0,0,0,0,0,1,0,0,0,0,0,0,0,0,0,0
biiiMOOO:0,0,0,0,0,0,0,0,0,0,1,1,1,1,1,1,1,1,1,1
biiiMOOo:0,0,0,0,0,0,0,0,0,0,1,1,1,0,0,0,0,0,0,0
biiiMOoO:0,0,0,0,0,0,0,0,0,0,1,1,0,1,1,1,1,1,1,1
biiiMOoo:0,0,0,0,0,0,0,0,0,0,1,1,0,0,0,0,0,0,0,0
biiiMoOO:0,0,0,0,0,0,0,0,0,0,1,0,1,1,1,1,1,1,1,1
biiiMoOo:0,0,0,0,0,0,0,0,0,0,1,0,1,0,0,0,0,0,0,0
biiiMooO:0,0,0,0,0,0,0,0,0,0,1,0,0,1,1,1,1,1,1,1
biiiMooo:0,0,0,0,0,0,0,0,0,0,1,0,0,0,0,0,0,0,0,0
biiimOOO:0,0,0,0,0,0,0,0,0,0,0,1,1,1,1,1,1,1,1,1
biiimOOo:0,0,0,0,0,0,0,0,0,0,0,1,1,0,0,0,0,0,0,0
biiimOoO:0,0,0,0,0,0,0,0,0,0,0,1,0,1,1,1,1,1,1,1
biiimOoo:0,0,0,0,0,0,0,0,0,0,0,1,0,0,0,0,0,0,0,0
biiimoOO:0,0,0,0,0,0,0,0,0,0,0,0,1,1,1,1,1,1,1,1
biiimoOo:0,0,0,0,0,0,0,0,0,0,0,0,1,0,0,0,0,0,0,0
biiimooO:0,0,0,0,0,0,0,0,0,0,0,0,0,1,1,1,1,1,1,1
biiimooo:0,0,0,0,0,0,0,0,0,0,0,0,0,0,0,0,0,0,0,0

# BIIIIMOOOO Table
BIIIIMOOOO:1,1,1,1,1,1,1,1,1,1,1,1,1,1,1,1,1,1,1,1
BIIIIMOOOo:1,1,1,1,1,1,1,1,1,1,1,1,1,1,0,0,0,0,0,0
BIIIIMOOoO:1,1,1,1,1,1,1,1,1,1,1,1,1,0,1,1,1,1,1,1
BIIIIMOOoo:1,1,1,1,1,1,1,1,1,1,1,1,1,0,0,0,0,0,0,0
BIIIIMOoOO:1,1,1,1,1,1,1,1,1,1,1,1,0,1,1,1,1,1,1,1
BIIIIMOoOo:1,1,1,1,1,1,1,1,1,1,1,1,0,1,0,0,0,0,0,0
BIIIIMOooO:1,1,1,1,1,1,1,1,1,1,1,1,0,0,1,1,1,1,1,1
BIIIIMOooo:1,1,1,1,1,1,1,1,1,1,1,1,0,0,0,0,0,0,0,0
BIIIIMoOOO:1,1,1,1,1,1,1,1,1,1,1,0,1,1,1,1,1,1,1,1
BIIIIMoOOo:1,1,1,1,1,1,1,1,1,1,1,0,1,1,0,0,0,0,0,0
BIIIIMoOoO:1,1,1,1,1,1,1,1,1,1,1,0,1,0,1,1,1,1,1,1
BIIIIMoOoo:1,1,1,1,1,1,1,1,1,1,1,0,1,0,0,0,0,0,0,0
BIIIIMooOO:1,1,1,1,1,1,1,1,1,1,1,0,0,1,1,1,1,1,1,1
BIIIIMooOo:1,1,1,1,1,1,1,1,1,1,1,0,0,1,0,0,0,0,0,0
BIIIIMoooO:1,1,1,1,1,1,1,1,1,1,1,0,0,0,1,1,1,1,1,1
BIIIIMoooo:1,1,1,1,1,1,1,1,1,1,1,0,0,0,0,0,0,0,0,0
BIIIImOOOO:1,1,1,1,1,1,1,1,1,1,0,1,1,1,1,1,1,1,1,1
BIIIImOOOo:1,1,1,1,1,1,1,1,1,1,0,1,1,1,0,0,0,0,0,0
BIIIImOOoO:1,1,1,1,1,1,1,1,1,1,0,1,1,0,1,1,1,1,1,1
BIIIImOOoo:1,1,1,1,1,1,1,1,1,1,0,1,1,0,0,0,0,0,0,0
BIIIImOoOO:1,1,1,1,1,1,1,1,1,1,0,1,0,1,1,1,1,1,1,1
BIIIImOoOo:1,1,1,1,1,1,1,1,1,1,0,1,0,1,0,0,0,0,0,0
BIIIImOooO:1,1,1,1,1,1,1,1,1,1,0,1,0,0,1,1,1,1,1,1
BIIIImOooo:1,1,1,1,1,1,1,1,1,1,0,1,0,0,0,0,0,0,0,0
BIIIImoOOO:1,1,1,1,1,1,1,1,1,1,0,0,1,1,1,1,1,1,1,1
BIIIImoOOo:1,1,1,1,1,1,1,1,1,1,0,0,1,1,0,0,0,0,0,0
BIIIImoOoO:1,1,1,1,1,1,1,1,1,1,0,0,1,0,1,1,1,1,1,1
BIIIImoOoo:1,1,1,1,1,1,1,1,1,1,0,0,1,0,0,0,0,0,0,0
BIIIImooOO:1,1,1,1,1,1,1,1,1,1,0,0,0,1,1,1,1,1,1,1
BIIIImooOo:1,1,1,1,1,1,1,1,1,1,0,0,0,1,0,0,0,0,0,0
BIIIImoooO:1,1,1,1,1,1,1,1,1,1,0,0,0,0,1,1,1,1,1,1
BIIIImoooo:1,1,1,1,1,1,1,1,1,1,0,0,0,0,0,0,0,0,0,0
BIIIiMOOOO:1,1,1,1,1,1,1,1,1,0,1,1,1,1,1,1,1,1,1,1
BIIIiMOOOo:1,1,1,1,1,1,1,1,1,0,1,1,1,1,0,0,0,0,0,0
BIIIiMOOoO:1,1,1,1,1,1,1,1,1,0,1,1,1,0,1,1,1,1,1,1
BIIIiMOOoo:1,1,1,1,1,1,1,1,1,0,1,1,1,0,0,0,0,0,0,0
BIIIiMOoOO:1,1,1,1,1,1,1,1,1,0,1,1,0,1,1,1,1,1,1,1
BIIIiMOoOo:1,1,1,1,1,1,1,1,1,0,1,1,0,1,0,0,0,0,0,0
BIIIiMOooO:1,1,1,1,1,1,1,1,1,0,1,1,0,0,1,1,1,1,1,1
BIIIiMOooo:1,1,1,1,1,1,1,1,1,0,1,1,0,0,0,0,0,0,0,0
BIIIiMoOOO:1,1,1,1,1,1,1,1,1,0,1,0,1,1,1,1,1,1,1,1
BIIIiMoOOo:1,1,1,1,1,1,1,1,1,0,1,0,1,1,0,0,0,0,0,0
BIIIiMoOoO:1,1,1,1,1,1,1,1,1,0,1,0,1,0,1,1,1,1,1,1
BIIIiMoOoo:1,1,1,1,1,1,1,1,1,0,1,0,1,0,0,0,0,0,0,0
BIIIiMooOO:1,1,1,1,1,1,1,1,1,0,1,0,0,1,1,1,1,1,1,1
BIIIiMooOo:1,1,1,1,1,1,1,1,1,0,1,0,0,1,0,0,0,0,0,0
BIIIiMoooO:1,1,1,1,1,1,1,1,1,0,1,0,0,0,1,1,1,1,1,1
BIIIiMoooo:1,1,1,1,1,1,1,1,1,0,1,0,0,0,0,0,0,0,0,0
BIIIimOOOO:1,1,1,1,1,1,1,1,1,0,0,1,1,1,1,1,1,1,1,1
BIIIimOOOo:1,1,1,1,1,1,1,1,1,0,0,1,1,1,0,0,0,0,0,0
BIIIimOOoO:1,1,1,1,1,1,1,1,1,0,0,1,1,0,1,1,1,1,1,1
BIIIimOOoo:1,1,1,1,1,1,1,1,1,0,0,1,1,0,0,0,0,0,0,0
BIIIimOoOO:1,1,1,1,1,1,1,1,1,0,0,1,0,1,1,1,1,1,1,1
BIIIimOoOo:1,1,1,1,1,1,1,1,1,0,0,1,0,1,0,0,0,0,0,0
BIIIimOooO:1,1,1,1,1,1,1,1,1,0,0,1,0,0,1,1,1,1,1,1
BIIIimOooo:1,1,1,1,1,1,1,1,1,0,0,1,0,0,0,0,0,0,0,0
BIIIimoOOO:1,1,1,1,1,1,1,1,1,0,0,0,1,1,1,1,1,1,1,1
BIIIimoOOo:1,1,1,1,1,1,1,1,1,0,0,0,1,1,0,0,0,0,0,0
BIIIimoOoO:1,1,1,1,1,1,1,1,1,0,0,0,1,0,1,1,1,1,1,1
BIIIimoOoo:1,1,1,1,1,1,1,1,1,0,0,0,1,0,0,0,0,0,0,0
BIIIimooOO:1,1,1,1,1,1,1,1,1,0,0,0,0,1,1,1,1,1,1,1
BIIIimooOo:1,1,1,1,1,1,1,1,1,0,0,0,0,1,0,0,0,0,0,0
BIIIimoooO:1,1,1,1,1,1,1,1,1,0,0,0,0,0,1,1,1,1,1,1
BIIIimoooo:1,1,1,1,1,1,1,1,1,0,0,0,0,0,0,0,0,0,0,0
BIIiIMOOOO:1,1,1,1,1,1,1,1,0,1,1,1,1,1,1,1,1,1,1,1
BIIiIMOOOo:1,1,1,1,1,1,1,1,0,1,1,1,1,1,0,0,0,0,0,0
BIIiIMOOoO:1,1,1,1,1,1,1,1,0,1,1,1,1,0,1,1,1,1,1,1
BIIiIMOOoo:1,1,1,1,1,1,1,1,0,1,1,1,1,0,0,0,0,0,0,0
BIIiIMOoOO:1,1,1,1,1,1,1,1,0,1,1,1,0,1,1,1,1,1,1,1
BIIiIMOoOo:1,1,1,1,1,1,1,1,0,1,1,1,0,1,0,0,0,0,0,0
BIIiIMOooO:1,1,1,1,1,1,1,1,0,1,1,1,0,0,1,1,1,1,1,1
BIIiIMOooo:1,1,1,1,1,1,1,1,0,1,1,1,0,0,0,0,0,0,0,0
BIIiIMoOOO:1,1,1,1,1,1,1,1,0,1,1,0,1,1,1,1,1,1,1,1
BIIiIMoOOo:1,1,1,1,1,1,1,1,0,1,1,0,1,1,0,0,0,0,0,0
BIIiIMoOoO:1,1,1,1,1,1,1,1,0,1,1,0,1,0,1,1,1,1,1,1
BIIiIMoOoo:1,1,1,1,1,1,1,1,0,1,1,0,1,0,0,0,0,0,0,0
BIIiIMooOO:1,1,1,1,1,1,1,1,0,1,1,0,0,1,1,1,1,1,1,1
BIIiIMooOo:1,1,1,1,1,1,1,1,0,1,1,0,0,1,0,0,0,0,0,0
BIIiIMoooO:1,1,1,1,1,1,1,1,0,1,1,0,0,0,1,1,1,1,1,1
BIIiIMoooo:1,1,1,1,1,1,1,1,0,1,1,0,0,0,0,0,0,0,0,0
BIIiImOOOO:1,1,1,1,1,1,1,1,0,1,0,1,1,1,1,1,1,1,1,1
BIIiImOOOo:1,1,1,1,1,1,1,1,0,1,0,1,1,1,0,0,0,0,0,0
BIIiImOOoO:1,1,1,1,1,1,1,1,0,1,0,1,1,0,1,1,1,1,1,1
BIIiImOOoo:1,1,1,1,1,1,1,1,0,1,0,1,1,0,0,0,0,0,0,0
BIIiImOoOO:1,1,1,1,1,1,1,1,0,1,0,1,0,1,1,1,1,1,1,1
BIIiImOoOo:1,1,1,1,1,1,1,1,0,1,0,1,0,1,0,0,0,0,0,0
BIIiImOooO:1,1,1,1,1,1,1,1,0,1,0,1,0,0,1,1,1,1,1,1
BIIiImOooo:1,1,1,1,1,1,1,1,0,1,0,1,0,0,0,0,0,0,0,0
BIIiImoOOO:1,1,1,1,1,1,1,1,0,1,0,0,1,1,1,1,1,1,1,1
BIIiImoOOo:1,1,1,1,1,1,1,1,0,1,0,0,1,1,0,0,0,0,0,0
BIIiImoOoO:1,1,1,1,1,1,1,1,0,1,0,0,1,0,1,1,1,1,1,1
BIIiImoOoo:1,1,1,1,1,1,1,1,0,1,0,0,1,0,0,0,0,0,0,0
BIIiImooOO:1,1,1,1,1,1,1,1,0,1,0,0,0,1,1,1,1,1,1,1
BIIiImooOo:1,1,1,1,1,1,1,1,0,1,0,0,0,1,0,0,0,0,0,0
BIIiImoooO:1,1,1,1,1,1,1,1,0,1,0,0,0,0,1,1,1,1,1,1
BIIiImoooo:1,1,1,1,1,1,1,1,0,1,0,0,0,0,0,0,0,0,0,0
BIIiiMOOOO:1,1,1,1,1,1,1,1,0,0,1,1,1,1,1,1,1,1,1,1
BIIiiMOOOo:1,1,1,1,1,1,1,1,0,0,1,1,1,1,0,0,0,0,0,0
BIIiiMOOoO:1,1,1,1,1,1,1,1,0,0,1,1,1,0,1,1,1,1,1,1
BIIiiMOOoo:1,1,1,1,1,1,1,1,0,0,1,1,1,0,0,0,0,0,0,0
BIIiiMOoOO:1,1,1,1,1,1,1,1,0,0,1,1,0,1,1,1,1,1,1,1
BIIiiMOoOo:1,1,1,1,1,1,1,1,0,0,1,1,0,1,0,0,0,0,0,0
BIIiiMOooO:1,1,1,1,1,1,1,1,0,0,1,1,0,0,1,1,1,1,1,1
BIIiiMOooo:1,1,1,1,1,1,1,1,0,0,1,1,0,0,0,0,0,0,0,0
BIIiiMoOOO:1,1,1,1,1,1,1,1,0,0,1,0,1,1,1,1,1,1,1,1
BIIiiMoOOo:1,1,1,1,1,1,1,1,0,0,1,0,1,1,0,0,0,0,0,0
BIIiiMoOoO:1,1,1,1,1,1,1,1,0,0,1,0,1,0,1,1,1,1,1,1
BIIiiMoOoo:1,1,1,1,1,1,1,1,0,0,1,0,1,0,0,0,0,0,0,0
BIIiiMooOO:1,1,1,1,1,1,1,1,0,0,1,0,0,1,1,1,1,1,1,1
BIIiiMooOo:1,1,1,1,1,1,1,1,0,0,1,0,0,1,0,0,0,0,0,0
BIIiiMoooO:1,1,1,1,1,1,1,1,0,0,1,0,0,0,1,1,1,1,1,1
BIIiiMoooo:1,1,1,1,1,1,1,1,0,0,1,0,0,0,0,0,0,0,0,0
BIIiimOOOO:1,1,1,1,1,1,1,1,0,0,0,1,1,1,1,1,1,1,1,1
BIIiimOOOo:1,1,1,1,1,1,1,1,0,0,0,1,1,1,0,0,0,0,0,0
BIIiimOOoO:1,1,1,1,1,1,1,1,0,0,0,1,1,0,1,1,1,1,1,1
BIIiimOOoo:1,1,1,1,1,1,1,1,0,0,0,1,1,0,0,0,0,0,0,0
BIIiimOoOO:1,1,1,1,1,1,1,1,0,0,0,1,0,1,1,1,1,1,1,1
BIIiimOoOo:1,1,1,1,1,1,1,1,0,0,0,1,0,1,0,0,0,0,0,0
BIIiimOooO:1,1,1,1,1,1,1,1,0,0,0,1,0,0,1,1,1,1,1,1
BIIiimOooo:1,1,1,1,1,1,1,1,0,0,0,1,0,0,0,0,0,0,0,0
BIIiimoOOO:1,1,1,1,1,1,1,1,0,0,0,0,1,1,1,1,1,1,1,1
BIIiimoOOo:1,1,1,1,1,1,1,1,0,0,0,0,1,1,0,0,0,0,0,0
BIIiimoOoO:1,1,1,1,1,1,1,1,0,0,0,0,1,0,1,1,1,1,1,1
BIIiimoOoo:1,1,1,1,1,1,1,1,0,0,0,0,1,0,0,0,0,0,0,0
BIIiimooOO:1,1,1,1,1,1,1,1,0,0,0,0,0,1,1,1,1,1,1,1
BIIiimooOo:1,1,1,1,1,1,1,1,0,0,0,0,0,1,0,0,0,0,0,0
BIIiimoooO:1,1,1,1,1,1,1,1,0,0,0,0,0,0,1,1,1,1,1,1
BIIiimoooo:1,1,1,1,1,1,1,1,0,0,0,0,0,0,0,0,0,0,0,0
BIiIIMOOOO:1,1,1,1,1,1,0,0,1,1,1,1,1,1,1,1,1,1,1,1
BIiIIMOOOo:1,1,1,1,1,1,0,0,1,1,1,1,1,1,0,0,0,0,0,0
BIiIIMOOoO:1,1,1,1,1,1,0,0,1,1,1,1,1,0,1,1,1,1,1,1
BIiIIMOOoo:1,1,1,1,1,1,0,0,1,1,1,1,1,0,0,0,0,0,0,0
BIiIIMOoOO:1,1,1,1,1,1,0,0,1,1,1,1,0,1,1,1,1,1,1,1
BIiIIMOoOo:1,1,1,1,1,1,0,0,1,1,1,1,0,1,0,0,0,0,0,0
BIiIIMOooO:1,1,1,1,1,1,0,0,1,1,1,1,0,0,1,1,1,1,1,1
BIiIIMOooo:1,1,1,1,1,1,0,0,1,1,1,1,0,0,0,0,0,0,0,0
BIiIIMoOOO:1,1,1,1,1,1,0,0,1,1,1,0,1,1,1,1,1,1,1,1
BIiIIMoOOo:1,1,1,1,1,1,0,0,1,1,1,0,1,1,0,0,0,0,0,0
BIiIIMoOoO:1,1,1,1,1,1,0,0,1,1,1,0,1,0,1,1,1,1,1,1
BIiIIMoOoo:1,1,1,1,1,1,0,0,1,1,1,0,1,0,0,0,0,0,0,0
BIiIIMooOO:1,1,1,1,1,1,0,0,1,1,1,0,0,1,1,1,1,1,1,1
BIiIIMooOo:1,1,1,1,1,1,0,0,1,1,1,0,0,1,0,0,0,0,0,0
BIiIIMoooO:1,1,1,1,1,1,0,0,1,1,1,0,0,0,1,1,1,1,1,1
BIiIIMoooo:1,1,1,1,1,1,0,0,1,1,1,0,0,0,0,0,0,0,0,0
BIiIImOOOO:1,1,1,1,1,1,0,0,1,1,0,1,1,1,1,1,1,1,1,1
BIiIImOOOo:1,1,1,1,1,1,0,0,1,1,0,1,1,1,0,0,0,0,0,0
BIiIImOOoO:1,1,1,1,1,1,0,0,1,1,0,1,1,0,1,1,1,1,1,1
BIiIImOOoo:1,1,1,1,1,1,0,0,1,1,0,1,1,0,0,0,0,0,0,0
BIiIImOoOO:1,1,1,1,1,1,0,0,1,1,0,1,0,1,1,1,1,1,1,1
BIiIImOoOo:1,1,1,1,1,1,0,0,1,1,0,1,0,1,0,0,0,0,0,0
BIiIImOooO:1,1,1,1,1,1,0,0,1,1,0,1,0,0,1,1,1,1,1,1
BIiIImOooo:1,1,1,1,1,1,0,0,1,1,0,1,0,0,0,0,0,0,0,0
BIiIImoOOO:1,1,1,1,1,1,0,0,1,1,0,0,1,1,1,1,1,1,1,1
BIiIImoOOo:1,1,1,1,1,1,0,0,1,1,0,0,1,1,0,0,0,0,0,0
BIiIImoOoO:1,1,1,1,1,1,0,0,1,1,0,0,1,0,1,1,1,1,1,1
BIiIImoOoo:1,1,1,1,1,1,0,0,1,1,0,0,1,0,0,0,0,0,0,0
BIiIImooOO:1,1,1,1,1,1,0,0,1,1,0,0,0,1,1,1,1,1,1,1
BIiIImooOo:1,1,1,1,1,1,0,0,1,1,0,0,0,1,0,0,0,0,0,0
BIiIImoooO:1,1,1,1,1,1,0,0,1,1,0,0,0,0,1,1,1,1,1,1
BIiIImoooo:1,1,1,1,1,1,0,0,1,1,0,0,0,0,0,0,0,0,0,0
BIiIiMOOOO:1,1,1,1,1,1,0,0,1,0,1,1,1,1,1,1,1,1,1,1
BIiIiMOOOo:1,1,1,1,1,1,0,0,1,0,1,1,1,1,0,0,0,0,0,0
BIiIiMOOoO:1,1,1,1,1,1,0,0,1,0,1,1,1,0,1,1,1,1,1,1
BIiIiMOOoo:1,1,1,1,1,1,0,0,1,0,1,1,1,0,0,0,0,0,0,0
BIiIiMOoOO:1,1,1,1,1,1,0,0,1,0,1,1,0,1,1,1,1,1,1,1
BIiIiMOoOo:1,1,1,1,1,1,0,0,1,0,1,1,0,1,0,0,0,0,0,0
BIiIiMOooO:1,1,1,1,1,1,0,0,1,0,1,1,0,0,1,1,1,1,1,1
BIiIiMOooo:1,1,1,1,1,1,0,0,1,0,1,1,0,0,0,0,0,0,0,0
BIiIiMoOOO:1,1,1,1,1,1,0,0,1,0,1,0,1,1,1,1,1,1,1,1
BIiIiMoOOo:1,1,1,1,1,1,0,0,1,0,1,0,1,1,0,0,0,0,0,0
BIiIiMoOoO:1,1,1,1,1,1,0,0,1,0,1,0,1,0,1,1,1,1,1,1
BIiIiMoOoo:1,1,1,1,1,1,0,0,1,0,1,0,1,0,0,0,0,0,0,0
BIiIiMooOO:1,1,1,1,1,1,0,0,1,0,1,0,0,1,1,1,1,1,1,1
BIiIiMooOo:1,1,1,1,1,1,0,0,1,0,1,0,0,1,0,0,0,0,0,0
BIiIiMoooO:1,1,1,1,1,1,0,0,1,0,1,0,0,0,1,1,1,1,1,1
BIiIiMoooo:1,1,1,1,1,1,0,0,1,0,1,0,0,0,0,0,0,0,0,0
BIiIimOOOO:1,1,1,1,1,1,0,0,1,0,0,1,1,1,1,1,1,1,1,1
BIiIimOOOo:1,1,1,1,1,1,0,0,1,0,0,1,1,1,0,0,0,0,0,0
BIiIimOOoO:1,1,1,1,1,1,0,0,1,0,0,1,1,0,1,1,1,1,1,1
BIiIimOOoo:1,1,1,1,1,1,0,0,1,0,0,1,1,0,0,0,0,0,0,0
BIiIimOoOO:1,1,1,1,1,1,0,0,1,0,0,1,0,1,1,1,1,1,1,1
BIiIimOoOo:1,1,1,1,1,1,0,0,1,0,0,1,0,1,0,0,0,0,0,0
BIiIimOooO:1,1,1,1,1,1,0,0,1,0,0,1,0,0,1,1,1,1,1,1
BIiIimOooo:1,1,1,1,1,1,0,0,1,0,0,1,0,0,0,0,0,0,0,0
BIiIimoOOO:1,1,1,1,1,1,0,0,1,0,0,0,1,1,1,1,1,1,1,1
BIiIimoOOo:1,1,1,1,1,1,0,0,1,0,0,0,1,1,0,0,0,0,0,0
BIiIimoOoO:1,1,1,1,1,1,0,0,1,0,0,0,1,0,1,1,1,1,1,1
BIiIimoOoo:1,1,1,1,1,1,0,0,1,0,0,0,1,0,0,0,0,0,0,0
BIiIimooOO:1,1,1,1,1,1,0,0,1,0,0,0,0,1,1,1,1,1,1,1
BIiIimooOo:1,1,1,1,1,1,0,0,1,0,0,0,0,1,0,0,0,0,0,0
BIiIimoooO:1,1,1,1,1,1,0,0,1,0,0,0,0,0,1,1,1,1,1,1
BIiIimoooo:1,1,1,1,1,1,0,0,1,0,0,0,0,0,0,0,0,0,0,0
BIiiIMOOOO:1,1,1,1,1,1,0,0,0,1,1,1,1,1,1,1,1,1,1,1
BIiiIMOOOo:1,1,1,1,1,1,0,0,0,1,1,1,1,1,0,0,0,0,0,0
BIiiIMOOoO:1,1,1,1,1,1,0,0,0,1,1,1,1,0,1,1,1,1,1,1
BIiiIMOOoo:1,1,1,1,1,1,0,0,0,1,1,1,1,0,0,0,0,0,0,0
BIiiIMOoOO:1,1,1,1,1,1,0,0,0,1,1,1,0,1,1,1,1,1,1,1
BIiiIMOoOo:1,1,1,1,1,1,0,0,0,1,1,1,0,1,0,0,0,0,0,0
BIiiIMOooO:1,1,1,1,1,1,0,0,0,1,1,1,0,0,1,1,1,1,1,1
BIiiIMOooo:1,1,1,1,1,1,0,0,0,1,1,1,0,0,0,0,0,0,0,0
BIiiIMoOOO:1,1,1,1,1,1,0,0,0,1,1,0,1,1,1,1,1,1,1,1
BIiiIMoOOo:1,1,1,1,1,1,0,0,0,1,1,0,1,1,0,0,0,0,0,0
BIiiIMoOoO:1,1,1,1,1,1,0,0,0,1,1,0,1,0,1,1,1,1,1,1
BIiiIMoOoo:1,1,1,1,1,1,0,0,0,1,1,0,1,0,0,0,0,0,0,0
BIiiIMooOO:1,1,1,1,1,1,0,0,0,1,1,0,0,1,1,1,1,1,1,1
BIiiIMooOo:1,1,1,1,1,1,0,0,0,1,1,0,0,1,0,0,0,0,0,0
BIiiIMoooO:1,1,1,1,1,1,0,0,0,1,1,0,0,0,1,1,1,1,1,1
BIiiIMoooo:1,1,1,1,1,1,0,0,0,1,1,0,0,0,0,0,0,0,0,0
BIiiImOOOO:1,1,1,1,1,1,0,0,0,1,0,1,1,1,1,1,1,1,1,1
BIiiImOOOo:1,1,1,1,1,1,0,0,0,1,0,1,1,1,0,0,0,0,0,0
BIiiImOOoO:1,1,1,1,1,1,0,0,0,1,0,1,1,0,1,1,1,1,1,1
BIiiImOOoo:1,1,1,1,1,1,0,0,0,1,0,1,1,0,0,0,0,0,0,0
BIiiImOoOO:1,1,1,1,1,1,0,0,0,1,0,1,0,1,1,1,1,1,1,1
BIiiImOoOo:1,1,1,1,1,1,0,0,0,1,0,1,0,1,0,0,0,0,0,0
BIiiImOooO:1,1,1,1,1,1,0,0,0,1,0,1,0,0,1,1,1,1,1,1
BIiiImOooo:1,1,1,1,1,1,0,0,0,1,0,1,0,0,0,0,0,0,0,0
BIiiImoOOO:1,1,1,1,1,1,0,0,0,1,0,0,1,1,1,1,1,1,1,1
BIiiImoOOo:1,1,1,1,1,1,0,0,0,1,0,0,1,1,0,0,0,0,0,0
BIiiImoOoO:1,1,1,1,1,1,0,0,0,1,0,0,1,0,1,1,1,1,1,1
BIiiImoOoo:1,1,1,1,1,1,0,0,0,1,0,0,1,0,0,0,0,0,0,0
BIiiImooOO:1,1,1,1,1,1,0,0,0,1,0,0,0,1,1,1,1,1,1,1
BIiiImooOo:1,1,1,1,1,1,0,0,0,1,0,0,0,1,0,0,0,0,0,0
BIiiImoooO:1,1,1,1,1,1,0,0,0,1,0,0,0,0,1,1,1,1,1,1
BIiiImoooo:1,1,1,1,1,1,0,0,0,1,0,0,0,0,0,0,0,0,0,0
BIiiiMOOOO:1,1,1,1,1,1,0,0,0,0,1,1,1,1,1,1,1,1,1,1
BIiiiMOOOo:1,1,1,1,1,1,0,0,0,0,1,1,1,1,0,0,0,0,0,0
BIiiiMOOoO:1,1,1,1,1,1,0,0,0,0,1,1,1,0,1,1,1,1,1,1
BIiiiMOOoo:1,1,1,1,1,1,0,0,0,0,1,1,1,0,0,0,0,0,0,0
BIiiiMOoOO:1,1,1,1,1,1,0,0,0,0,1,1,0,1,1,1,1,1,1,1
BIiiiMOoOo:1,1,1,1,1,1,0,0,0,0,1,1,0,1,0,0,0,0,0,0
BIiiiMOooO:1,1,1,1,1,1,0,0,0,0,1,1,0,0,1,1,1,1,1,1
BIiiiMOooo:1,1,1,1,1,1,0,0,0,0,1,1,0,0,0,0,0,0,0,0
BIiiiMoOOO:1,1,1,1,1,1,0,0,0,0,1,0,1,1,1,1,1,1,1,1
BIiiiMoOOo:1,1,1,1,1,1,0,0,0,0,1,0,1,1,0,0,0,0,0,0
BIiiiMoOoO:1,1,1,1,1,1,0,0,0,0,1,0,1,0,1,1,1,1,1,1
BIiiiMoOoo:1,1,1,1,1,1,0,0,0,0,1,0,1,0,0,0,0,0,0,0
BIiiiMooOO:1,1,1,1,1,1,0,0,0,0,1,0,0,1,1,1,1,1,1,1
BIiiiMooOo:1,1,1,1,1,1,0,0,0,0,1,0,0,1,0,0,0,0,0,0
BIiiiMoooO:1,1,1,1,1,1,0,0,0,0,1,0,0,0,1,1,1,1,1,1
BIiiiMoooo:1,1,1,1,1,1,0,0,0,0,1,0,0,0,0,0,0,0,0,0
BIiiimOOOO:1,1,1,1,1,1,0,0,0,0,0,1,1,1,1,1,1,1,1,1
BIiiimOOOo:1,1,1,1,1,1,0,0,0,0,0,1,1,1,0,0,0,0,0,0
BIiiimOOoO:1,1,1,1,1,1,0,0,0,0,0,1,1,0,1,1,1,1,1,1
BIiiimOOoo:1,1,1,1,1,1,0,0,0,0,0,1,1,0,0,0,0,0,0,0
BIiiimOoOO:1,1,1,1,1,1,0,0,0,0,0,1,0,1,1,1,1,1,1,1
BIiiimOoOo:1,1,1,1,1,1,0,0,0,0,0,1,0,1,0,0,0,0,0,0
BIiiimOooO:1,1,1,1,1,1,0,0,0,0,0,1,0,0,1,1,1,1,1,1
BIiiimOooo:1,1,1,1,1,1,0,0,0,0,0,1,0,0,0,0,0,0,0,0
BIiiimoOOO:1,1,1,1,1,1,0,0,0,0,0,0,1,1,1,1,1,1,1,1
BIiiimoOOo:1,1,1,1,1,1,0,0,0,0,0,0,1,1,0,0,0,0,0,0
BIiiimoOoO:1,1,1,1,1,1,0,0,0,0,0,0,1,0,1,1,1,1,1,1
BIiiimoOoo:1,1,1,1,1,1,0,0,0,0,0,0,1,0,0,0,0,0,0,0
BIiiimooOO:1,1,1,1,1,1,0,0,0,0,0,0,0,1,1,1,1,1,1,1
BIiiimooOo:1,1,1,1,1,1,0,0,0,0,0,0,0,1,0,0,0,0,0,0
BIiiimoooO:1,1,1,1,1,1,0,0,0,0,0,0,0,0,1,1,1,1,1,1
BIiiimoooo:1,1,1,1,1,1,0,0,0,0,0,0,0,0,0,0,0,0,0,0
BiIIIMOOOO:1,0,0,0,0,0,1,1,1,1,1,1,1,1,1,1,1,1,1,1
BiIIIMOOOo:1,0,0,0,0,0,1,1,1,1,1,1,1,1,0,0,0,0,0,0
BiIIIMOOoO:1,0,0,0,0,0,1,1,1,1,1,1,1,0,1,1,1,1,1,1
BiIIIMOOoo:1,0,0,0,0,0,1,1,1,1,1,1,1,0,0,0,0,0,0,0
BiIIIMOoOO:1,0,0,0,0,0,1,1,1,1,1,1,0,1,1,1,1,1,1,1
BiIIIMOoOo:1,0,0,0,0,0,1,1,1,1,1,1,0,1,0,0,0,0,0,0
BiIIIMOooO:1,0,0,0,0,0,1,1,1,1,1,1,0,0,1,1,1,1,1,1
BiIIIMOooo:1,0,0,0,0,0,1,1,1,1,1,1,0,0,0,0,0,0,0,0
BiIIIMoOOO:1,0,0,0,0,0,1,1,1,1,1,0,1,1,1,1,1,1,1,1
BiIIIMoOOo:1,0,0,0,0,0,1,1,1,1,1,0,1,1,0,0,0,0,0,0
BiIIIMoOoO:1,0,0,0,0,0,1,1,1,1,1,0,1,0,1,1,1,1,1,1
BiIIIMoOoo:1,0,0,0,0,0,1,1,1,1,1,0,1,0,0,0,0,0,0,0
BiIIIMooOO:1,0,0,0,0,0,1,1,1,1,1,0,0,1,1,1,1,1,1,1
BiIIIMooOo:1,0,0,0,0,0,1,1,1,1,1,0,0,1,0,0,0,0,0,0
BiIIIMoooO:1,0,0,0,0,0,1,1,1,1,1,0,0,0,1,1,1,1,1,1
BiIIIMoooo:1,0,0,0,0,0,1,1,1,1,1,0,0,0,0,0,0,0,0,0
BiIIImOOOO:1,0,0,0,0,0,1,1,1,1,0,1,1,1,1,1,1,1,1,1
BiIIImOOOo:1,0,0,0,0,0,1,1,1,1,0,1,1,1,0,0,0,0,0,0
BiIIImOOoO:1,0,0,0,0,0,1,1,1,1,0,1,1,0,1,1,1,1,1,1
BiIIImOOoo:1,0,0,0,0,0,1,1,1,1,0,1,1,0,0,0,0,0,0,0
BiIIImOoOO:1,0,0,0,0,0,1,1,1,1,0,1,0,1,1,1,1,1,1,1
BiIIImOoOo:1,0,0,0,0,0,1,1,1,1,0,1,0,1,0,0,0,0,0,0
BiIIImOooO:1,0,0,0,0,0,1,1,1,1,0,1,0,0,1,1,1,1,1,1
BiIIImOooo:1,0,0,0,0,0,1,1,1,1,0,1,0,0,0,0,0,0,0,0
BiIIImoOOO:1,0,0,0,0,0,1,1,1,1,0,0,1,1,1,1,1,1,1,1
BiIIImoOOo:1,0,0,0,0,0,1,1,1,1,0,0,1,1,0,0,0,0,0,0
BiIIImoOoO:1,0,0,0,0,0,1,1,1,1,0,0,1,0,1,1,1,1,1,1
BiIIImoOoo:1,0,0,0,0,0,1,1,1,1,0,0,1,0,0,0,0,0,0,0
BiIIImooOO:1,0,0,0,0,0,1,1,1,1,0,0,0,1,1,1,1,1,1,1
BiIIImooOo:1,0,0,0,0,0,1,1,1,1,0,0,0,1,0,0,0,0,0,0
BiIIImoooO:1,0,0,0,0,0,1,1,1,1,0,0,0,0,1,1,1,1,1,1
BiIIImoooo:1,0,0,0,0,0,1,1,1,1,0,0,0,0,0,0,0,0,0,0
BiIIiMOOOO:1,0,0,0,0,0,1,1,1,0,1,1,1,1,1,1,1,1,1,1
BiIIiMOOOo:1,0,0,0,0,0,1,1,1,0,1,1,1,1,0,0,0,0,0,0
BiIIiMOOoO:1,0,0,0,0,0,1,1,1,0,1,1,1,0,1,1,1,1,1,1
BiIIiMOOoo:1,0,0,0,0,0,1,1,1,0,1,1,1,0,0,0,0,0,0,0
BiIIiMOoOO:1,0,0,0,0,0,1,1,1,0,1,1,0,1,1,1,1,1,1,1
BiIIiMOoOo:1,0,0,0,0,0,1,1,1,0,1,1,0,1,0,0,0,0,0,0
BiIIiMOooO:1,0,0,0,0,0,1,1,1,0,1,1,0,0,1,1,1,1,1,1
BiIIiMOooo:1,0,0,0,0,0,1,1,1,0,1,1,0,0,0,0,0,0,0,0
BiIIiMoOOO:1,0,0,0,0,0,1,1,1,0,1,0,1,1,1,1,1,1,1,1
BiIIiMoOOo:1,0,0,0,0,0,1,1,1,0,1,0,1,1,0,0,0,0,0,0
BiIIiMoOoO:1,0,0,0,0,0,1,1,1,0,1,0,1,0,1,1,1,1,1,1
BiIIiMoOoo:1,0,0,0,0,0,1,1,1,0,1,0,1,0,0,0,0,0,0,0
BiIIiMooOO:1,0,0,0,0,0,1,1,1,0,1,0,0,1,1,1,1,1,1,1
BiIIiMooOo:1,0,0,0,0,0,1,1,1,0,1,0,0,1,0,0,0,0,0,0
BiIIiMoooO:1,0,0,0,0,0,1,1,1,0,1,0,0,0,1,1,1,1,1,1
BiIIiMoooo:1,0,0,0,0,0,1,1,1,0,1,0,0,0,0,0,0,0,0,0
BiIIimOOOO:1,0,0,0,0,0,1,1,1,0,0,1,1,1,1,1,1,1,1,1
BiIIimOOOo:1,0,0,0,0,0,1,1,1,0,0,1,1,1,0,0,0,0,0,0
BiIIimOOoO:1,0,0,0,0,0,1,1,1,0,0,1,1,0,1,1,1,1,1,1
BiIIimOOoo:1,0,0,0,0,0,1,1,1,0,0,1,1,0,0,0,0,0,0,0
BiIIimOoOO:1,0,0,0,0,0,1,1,1,0,0,1,0,1,1,1,1,1,1,1
BiIIimOoOo:1,0,0,0,0,0,1,1,1,0,0,1,0,1,0,0,0,0,0,0
BiIIimOooO:1,0,0,0,0,0,1,1,1,0,0,1,0,0,1,1,1,1,1,1
BiIIimOooo:1,0,0,0,0,0,1,1,1,0,0,1,0,0,0,0,0,0,0,0
BiIIimoOOO:1,0,0,0,0,0,1,1,1,0,0,0,1,1,1,1,1,1,1,1
BiIIimoOOo:1,0,0,0,0,0,1,1,1,0,0,0,1,1,0,0,0,0,0,0
BiIIimoOoO:1,0,0,0,0,0,1,1,1,0,0,0,1,0,1,1,1,1,1,1
BiIIimoOoo:1,0,0,0,0,0,1,1,1,0,0,0,1,0,0,0,0,0,0,0
BiIIimooOO:1,0,0,0,0,0,1,1,1,0,0,0,0,1,1,1,1,1,1,1
BiIIimooOo:1,0,0,0,0,0,1,1,1,0,0,0,0,1,0,0,0,0,0,0
BiIIimoooO:1,0,0,0,0,0,1,1,1,0,0,0,0,0,1,1,1,1,1,1
BiIIimoooo:1,0,0,0,0,0,1,1,1,0,0,0,0,0,0,0,0,0,0,0
BiIiIMOOOO:1,0,0,0,0,0,1,1,0,1,1,1,1,1,1,1,1,1,1,1
BiIiIMOOOo:1,0,0,0,0,0,1,1,0,1,1,1,1,1,0,0,0,0,0,0
BiIiIMOOoO:1,0,0,0,0,0,1,1,0,1,1,1,1,0,1,1,1,1,1,1
BiIiIMOOoo:1,0,0,0,0,0,1,1,0,1,1,1,1,0,0,0,0,0,0,0
BiIiIMOoOO:1,0,0,0,0,0,1,1,0,1,1,1,0,1,1,1,1,1,1,1
BiIiIMOoOo:1,0,0,0,0,0,1,1,0,1,1,1,0,1,0,0,0,0,0,0
BiIiIMOooO:1,0,0,0,0,0,1,1,0,1,1,1,0,0,1,1,1,1,1,1
BiIiIMOooo:1,0,0,0,0,0,1,1,0,1,1,1,0,0,0,0,0,0,0,0
BiIiIMoOOO:1,0,0,0,0,0,1,1,0,1,1,0,1,1,1,1,1,1,1,1
BiIiIMoOOo:1,0,0,0,0,0,1,1,0,1,1,0,1,1,0,0,0,0,0,0
BiIiIMoOoO:1,0,0,0,0,0,1,1,0,1,1,0,1,0,1,1,1,1,1,1
BiIiIMoOoo:1,0,0,0,0,0,1,1,0,1,1,0,1,0,0,0,0,0,0,0
BiIiIMooOO:1,0,0,0,0,0,1,1,0,1,1,0,0,1,1,1,1,1,1,1
BiIiIMooOo:1,0,0,0,0,0,1,1,0,1,1,0,0,1,0,0,0,0,0,0
BiIiIMoooO:1,0,0,0,0,0,1,1,0,1,1,0,0,0,1,1,1,1,1,1
BiIiIMoooo:1,0,0,0,0,0,1,1,0,1,1,0,0,0,0,0,0,0,0,0
BiIiImOOOO:1,0,0,0,0,0,1,1,0,1,0,1,1,1,1,1,1,1,1,1
BiIiImOOOo:1,0,0,0,0,0,1,1,0,1,0,1,1,1,0,0,0,0,0,0
BiIiImOOoO:1,0,0,0,0,0,1,1,0,1,0,1,1,0,1,1,1,1,1,1
BiIiImOOoo:1,0,0,0,0,0,1,1,0,1,0,1,1,0,0,0,0,0,0,0
BiIiImOoOO:1,0,0,0,0,0,1,1,0,1,0,1,0,1,1,1,1,1,1,1
BiIiImOoOo:1,0,0,0,0,0,1,1,0,1,0,1,0,1,0,0,0,0,0,0
BiIiImOooO:1,0,0,0,0,0,1,1,0,1,0,1,0,0,1,1,1,1,1,1
BiIiImOooo:1,0,0,0,0,0,1,1,0,1,0,1,0,0,0,0,0,0,0,0
BiIiImoOOO:1,0,0,0,0,0,1,1,0,1,0,0,1,1,1,1,1,1,1,1
BiIiImoOOo:1,0,0,0,0,0,1,1,0,1,0,0,1,1,0,0,0,0,0,0
BiIiImoOoO:1,0,0,0,0,0,1,1,0,1,0,0,1,0,1,1,1,1,1,1
BiIiImoOoo:1,0,0,0,0,0,1,1,0,1,0,0,1,0,0,0,0,0,0,0
BiIiImooOO:1,0,0,0,0,0,1,1,0,1,0,0,0,1,1,1,1,1,1,1
BiIiImooOo:1,0,0,0,0,0,1,1,0,1,0,0,0,1,0,0,0,0,0,0
BiIiImoooO:1,0,0,0,0,0,1,1,0,1,0,0,0,0,1,1,1,1,1,1
BiIiImoooo:1,0,0,0,0,0,1,1,0,1,0,0,0,0,0,0,0,0,0,0
BiIiiMOOOO:1,0,0,0,0,0,1,1,0,0,1,1,1,1,1,1,1,1,1,1
BiIiiMOOOo:1,0,0,0,0,0,1,1,0,0,1,1,1,1,0,0,0,0,0,0
BiIiiMOOoO:1,0,0,0,0,0,1,1,0,0,1,1,1,0,1,1,1,1,1,1
BiIiiMOOoo:1,0,0,0,0,0,1,1,0,0,1,1,1,0,0,0,0,0,0,0
BiIiiMOoOO:1,0,0,0,0,0,1,1,0,0,1,1,0,1,1,1,1,1,1,1
BiIiiMOoOo:1,0,0,0,0,0,1,1,0,0,1,1,0,1,0,0,0,0,0,0
BiIiiMOooO:1,0,0,0,0,0,1,1,0,0,1,1,0,0,1,1,1,1,1,1
BiIiiMOooo:1,0,0,0,0,0,1,1,0,0,1,1,0,0,0,0,0,0,0,0
BiIiiMoOOO:1,0,0,0,0,0,1,1,0,0,1,0,1,1,1,1,1,1,1,1
BiIiiMoOOo:1,0,0,0,0,0,1,1,0,0,1,0,1,1,0,0,0,0,0,0
BiIiiMoOoO:1,0,0,0,0,0,1,1,0,0,1,0,1,0,1,1,1,1,1,1
BiIiiMoOoo:1,0,0,0,0,0,1,1,0,0,1,0,1,0,0,0,0,0,0,0
BiIiiMooOO:1,0,0,0,0,0,1,1,0,0,1,0,0,1,1,1,1,1,1,1
BiIiiMooOo:1,0,0,0,0,0,1,1,0,0,1,0,0,1,0,0,0,0,0,0
BiIiiMoooO:1,0,0,0,0,0,1,1,0,0,1,0,0,0,1,1,1,1,1,1
BiIiiMoooo:1,0,0,0,0,0,1,1,0,0,1,0,0,0,0,0,0,0,0,0
BiIiimOOOO:1,0,0,0,0,0,1,1,0,0,0,1,1,1,1,1,1,1,1,1
BiIiimOOOo:1,0,0,0,0,0,1,1,0,0,0,1,1,1,0,0,0,0,0,0
BiIiimOOoO:1,0,0,0,0,0,1,1,0,0,0,1,1,0,1,1,1,1,1,1
BiIiimOOoo:1,0,0,0,0,0,1,1,0,0,0,1,1,0,0,0,0,0,0,0
BiIiimOoOO:1,0,0,0,0,0,1,1,0,0,0,1,0,1,1,1,1,1,1,1
BiIiimOoOo:1,0,0,0,0,0,1,1,0,0,0,1,0,1,0,0,0,0,0,0
BiIiimOooO:1,0,0,0,0,0,1,1,0,0,0,1,0,0,1,1,1,1,1,1
BiIiimOooo:1,0,0,0,0,0,1,1,0,0,0,1,0,0,0,0,0,0,0,0
BiIiimoOOO:1,0,0,0,0,0,1,1,0,0,0,0,1,1,1,1,1,1,1,1
BiIiimoOOo:1,0,0,0,0,0,1,1,0,0,0,0,1,1,0,0,0,0,0,0
BiIiimoOoO:1,0,0,0,0,0,1,1,0,0,0,0,1,0,1,1,1,1,1,1
BiIiimoOoo:1,0,0,0,0,0,1,1,0,0,0,0,1,0,0,0,0,0,0,0
BiIiimooOO:1,0,0,0,0,0,1,1,0,0,0,0,0,1,1,1,1,1,1,1
BiIiimooOo:1,0,0,0,0,0,1,1,0,0,0,0,0,1,0,0,0,0,0,0
BiIiimoooO:1,0,0,0,0,0,1,1,0,0,0,0,0,0,1,1,1,1,1,1
BiIiimoooo:1,0,0,0,0,0,1,1,0,0,0,0,0,0,0,0,0,0,0,0
BiiIIMOOOO:1,0,0,0,0,0,0,0,1,1,1,1,1,1,1,1,1,1,1,1
BiiIIMOOOo:1,0,0,0,0,0,0,0,1,1,1,1,1,1,0,0,0,0,0,0
BiiIIMOOoO:1,0,0,0,0,0,0,0,1,1,1,1,1,0,1,1,1,1,1,1
BiiIIMOOoo:1,0,0,0,0,0,0,0,1,1,1,1,1,0,0,0,0,0,0,0
BiiIIMOoOO:1,0,0,0,0,0,0,0,1,1,1,1,0,1,1,1,1,1,1,1
BiiIIMOoOo:1,0,0,0,0,0,0,0,1,1,1,1,0,1,0,0,0,0,0,0
BiiIIMOooO:1,0,0,0,0,0,0,0,1,1,1,1,0,0,1,1,1,1,1,1
BiiIIMOooo:1,0,0,0,0,0,0,0,1,1,1,1,0,0,0,0,0,0,0,0
BiiIIMoOOO:1,0,0,0,0,0,0,0,1,1,1,0,1,1,1,1,1,1,1,1
BiiIIMoOOo:1,0,0,0,0,0,0,0,1,1,1,0,1,1,0,0,0,0,0,0
BiiIIMoOoO:1,0,0,0,0,0,0,0,1,1,1,0,1,0,1,1,1,1,1,1
BiiIIMoOoo:1,0,0,0,0,0,0,0,1,1,1,0,1,0,0,0,0,0,0,0
BiiIIMooOO:1,0,0,0,0,0,0,0,1,1,1,0,0,1,1,1,1,1,1,1
BiiIIMooOo:1,0,0,0,0,0,0,0,1,1,1,0,0,1,0,0,0,0,0,0
BiiIIMoooO:1,0,0,0,0,0,0,0,1,1,1,0,0,0,1,1,1,1,1,1
BiiIIMoooo:1,0,0,0,0,0,0,0,1,1,1,0,0,0,0,0,0,0,0,0
BiiIImOOOO:1,0,0,0,0,0,0,0,1,1,0,1,1,1,1,1,1,1,1,1
BiiIImOOOo:1,0,0,0,0,0,0,0,1,1,0,1,1,1,0,0,0,0,0,0
BiiIImOOoO:1,0,0,0,0,0,0,0,1,1,0,1,1,0,1,1,1,1,1,1
BiiIImOOoo:1,0,0,0,0,0,0,0,1,1,0,1,1,0,0,0,0,0,0,0
BiiIImOoOO:1,0,0,0,0,0,0,0,1,1,0,1,0,1,1,1,1,1,1,1
BiiIImOoOo:1,0,0,0,0,0,0,0,1,1,0,1,0,1,0,0,0,0,0,0
BiiIImOooO:1,0,0,0,0,0,0,0,1,1,0,1,0,0,1,1,1,1,1,1
BiiIImOooo:1,0,0,0,0,0,0,0,1,1,0,1,0,0,0,0,0,0,0,0
BiiIImoOOO:1,0,0,0,0,0,0,0,1,1,0,0,1,1,1,1,1,1,1,1
BiiIImoOOo:1,0,0,0,0,0,0,0,1,1,0,0,1,1,0,0,0,0,0,0
BiiIImoOoO:1,0,0,0,0,0,0,0,1,1,0,0,1,0,1,1,1,1,1,1
BiiIImoOoo:1,0,0,0,0,0,0,0,1,1,0,0,1,0,0,0,0,0,0,0
BiiIImooOO:1,0,0,0,0,0,0,0,1,1,0,0,0,1,1,1,1,1,1,1
BiiIImooOo:1,0,0,0,0,0,0,0,1,1,0,0,0,1,0,0,0,0,0,0
BiiIImoooO:1,0,0,0,0,0,0,0,1,1,0,0,0,0,1,1,1,1,1,1
BiiIImoooo:1,0,0,0,0,0,0,0,1,1,0,0,0,0,0,0,0,0,0,0
BiiIiMOOOO:1,0,0,0,0,0,0,0,1,0,1,1,1,1,1,1,1,1,1,1
BiiIiMOOOo:1,0,0,0,0,0,0,0,1,0,1,1,1,1,0,0,0,0,0,0
BiiIiMOOoO:1,0,0,0,0,0,0,0,1,0,1,1,1,0,1,1,1,1,1,1
BiiIiMOOoo:1,0,0,0,0,0,0,0,1,0,1,1,1,0,0,0,0,0,0,0
BiiIiMOoOO:1,0,0,0,0,0,0,0,1,0,1,1,0,1,1,1,1,1,1,1
BiiIiMOoOo:1,0,0,0,0,0,0,0,1,0,1,1,0,1,0,0,0,0,0,0
BiiIiMOooO:1,0,0,0,0,0,0,0,1,0,1,1,0,0,1,1,1,1,1,1
BiiIiMOooo:1,0,0,0,0,0,0,0,1,0,1,1,0,0,0,0,0,0,0,0
BiiIiMoOOO:1,0,0,0,0,0,0,0,1,0,1,0,1,1,1,1,1,1,1,1
BiiIiMoOOo:1,0,0,0,0,0,0,0,1,0,1,0,1,1,0,0,0,0,0,0
BiiIiMoOoO:1,0,0,0,0,0,0,0,1,0,1,0,1,0,1,1,1,1,1,1
BiiIiMoOoo:1,0,0,0,0,0,0,0,1,0,1,0,1,0,0,0,0,0,0,0
BiiIiMooOO:1,0,0,0,0,0,0,0,1,0,1,0,0,1,1,1,1,1,1,1
BiiIiMooOo:1,0,0,0,0,0,0,0,1,0,1,0,0,1,0,0,0,0,0,0
BiiIiMoooO:1,0,0,0,0,0,0,0,1,0,1,0,0,0,1,1,1,1,1,1
BiiIiMoooo:1,0,0,0,0,0,0,0,1,0,1,0,0,0,0,0,0,0,0,0
BiiIimOOOO:1,0,0,0,0,0,0,0,1,0,0,1,1,1,1,1,1,1,1,1
BiiIimOOOo:1,0,0,0,0,0,0,0,1,0,0,1,1,1,0,0,0,0,0,0
BiiIimOOoO:1,0,0,0,0,0,0,0,1,0,0,1,1,0,1,1,1,1,1,1
BiiIimOOoo:1,0,0,0,0,0,0,0,1,0,0,1,1,0,0,0,0,0,0,0
BiiIimOoOO:1,0,0,0,0,0,0,0,1,0,0,1,0,1,1,1,1,1,1,1
BiiIimOoOo:1,0,0,0,0,0,0,0,1,0,0,1,0,1,0,0,0,0,0,0
BiiIimOooO:1,0,0,0,0,0,0,0,1,0,0,1,0,0,1,1,1,1,1,1
BiiIimOooo:1,0,0,0,0,0,0,0,1,0,0,1,0,0,0,0,0,0,0,0
BiiIimoOOO:1,0,0,0,0,0,0,0,1,0,0,0,1,1,1,1,1,1,1,1
BiiIimoOOo:1,0,0,0,0,0,0,0,1,0,0,0,1,1,0,0,0,0,0,0
BiiIimoOoO:1,0,0,0,0,0,0,0,1,0,0,0,1,0,1,1,1,1,1,1
BiiIimoOoo:1,0,0,0,0,0,0,0,1,0,0,0,1,0,0,0,0,0,0,0
BiiIimooOO:1,0,0,0,0,0,0,0,1,0,0,0,0,1,1,1,1,1,1,1
BiiIimooOo:1,0,0,0,0,0,0,0,1,0,0,0,0,1,0,0,0,0,0,0
BiiIimoooO:1,0,0,0,0,0,0,0,1,0,0,0,0,0,1,1,1,1,1,1
BiiIimoooo:1,0,0,0,0,0,0,0,1,0,0,0,0,0,0,0,0,0,0,0
BiiiIMOOOO:1,0,0,0,0,0,0,0,0,1,1,1,1,1,1,1,1,1,1,1
BiiiIMOOOo:1,0,0,0,0,0,0,0,0,1,1,1,1,1,0,0,0,0,0,0
BiiiIMOOoO:1,0,0,0,0,0,0,0,0,1,1,1,1,0,1,1,1,1,1,1
BiiiIMOOoo:1,0,0,0,0,0,0,0,0,1,1,1,1,0,0,0,0,0,0,0
BiiiIMOoOO:1,0,0,0,0,0,0,0,0,1,1,1,0,1,1,1,1,1,1,1
BiiiIMOoOo:1,0,0,0,0,0,0,0,0,1,1,1,0,1,0,0,0,0,0,0
BiiiIMOooO:1,0,0,0,0,0,0,0,0,1,1,1,0,0,1,1,1,1,1,1
BiiiIMOooo:1,0,0,0,0,0,0,0,0,1,1,1,0,0,0,0,0,0,0,0
BiiiIMoOOO:1,0,0,0,0,0,0,0,0,1,1,0,1,1,1,1,1,1,1,1
BiiiIMoOOo:1,0,0,0,0,0,0,0,0,1,1,0,1,1,0,0,0,0,0,0
BiiiIMoOoO:1,0,0,0,0,0,0,0,0,1,1,0,1,0,1,1,1,1,1,1
BiiiIMoOoo:1,0,0,0,0,0,0,0,0,1,1,0,1,0,0,0,0,0,0,0
BiiiIMooOO:1,0,0,0,0,0,0,0,0,1,1,0,0,1,1,1,1,1,1,1
BiiiIMooOo:1,0,0,0,0,0,0,0,0,1,1,0,0,1,0,0,0,0,0,0
BiiiIMoooO:1,0,0,0,0,0,0,0,0,1,1,0,0,0,1,1,1,1,1,1
BiiiIMoooo:1,0,0,0,0,0,0,0,0,1,1,0,0,0,0,0,0,0,0,0
BiiiImOOOO:1,0,0,0,0,0,0,0,0,1,0,1,1,1,1,1,1,1,1,1
BiiiImOOOo:1,0,0,0,0,0,0,0,0,1,0,1,1,1,0,0,0,0,0,0
BiiiImOOoO:1,0,0,0,0,0,0,0,0,1,0,1,1,0,1,1,1,1,1,1
BiiiImOOoo:1,0,0,0,0,0,0,0,0,1,0,1,1,0,0,0,0,0,0,0
BiiiImOoOO:1,0,0,0,0,0,0,0,0,1,0,1,0,1,1,1,1,1,1,1
BiiiImOoOo:1,0,0,0,0,0,0,0,0,1,0,1,0,1,0,0,0,0,0,0
BiiiImOooO:1,0,0,0,0,0,0,0,0,1,0,1,0,0,1,1,1,1,1,1
BiiiImOooo:1,0,0,0,0,0,0,0,0,1,0,1,0,0,0,0,0,0,0,0
BiiiImoOOO:1,0,0,0,0,0,0,0,0,1,0,0,1,1,1,1,1,1,1,1
BiiiImoOOo:1,0,0,0,0,0,0,0,0,1,0,0,1,1,0,0,0,0,0,0
BiiiImoOoO:1,0,0,0,0,0,0,0,0,1,0,0,1,0,1,1,1,1,1,1
BiiiImoOoo:1,0,0,0,0,0,0,0,0,1,0,0,1,0,0,0,0,0,0,0
BiiiImooOO:1,0,0,0,0,0,0,0,0,1,0,0,0,1,1,1,1,1,1,1
BiiiImooOo:1,0,0,0,0,0,0,0,0,1,0,0,0,1,0,0,0,0,0,0
BiiiImoooO:1,0,0,0,0,0,0,0,0,1,0,0,0,0,1,1,1,1,1,1
BiiiImoooo:1,0,0,0,0,0,0,0,0,1,0,0,0,0,0,0,0,0,0,0
BiiiiMOOOO:1,0,0,0,0,0,0,0,0,0,1,1,1,1,1,1,1,1,1,1
BiiiiMOOOo:1,0,0,0,0,0,0,0,0,0,1,1,1,1,0,0,0,0,0,0
BiiiiMOOoO:1,0,0,0,0,0,0,0,0,0,1,1,1,0,1,1,1,1,1,1
BiiiiMOOoo:1,0,0,0,0,0,0,0,0,0,1,1,1,0,0,0,0,0,0,0
BiiiiMOoOO:1,0,0,0,0,0,0,0,0,0,1,1,0,1,1,1,1,1,1,1
BiiiiMOoOo:1,0,0,0,0,0,0,0,0,0,1,1,0,1,0,0,0,0,0,0
BiiiiMOooO:1,0,0,0,0,0,0,0,0,0,1,1,0,0,1,1,1,1,1,1
BiiiiMOooo:1,0,0,0,0,0,0,0,0,0,1,1,0,0,0,0,0,0,0,0
BiiiiMoOOO:1,0,0,0,0,0,0,0,0,0,1,0,1,1,1,1,1,1,1,1
BiiiiMoOOo:1,0,0,0,0,0,0,0,0,0,1,0,1,1,0,0,0,0,0,0
BiiiiMoOoO:1,0,0,0,0,0,0,0,0,0,1,0,1,0,1,1,1,1,1,1
BiiiiMoOoo:1,0,0,0,0,0,0,0,0,0,1,0,1,0,0,0,0,0,0,0
BiiiiMooOO:1,0,0,0,0,0,0,0,0,0,1,0,0,1,1,1,1,1,1,1
BiiiiMooOo:1,0,0,0,0,0,0,0,0,0,1,0,0,1,0,0,0,0,0,0
BiiiiMoooO:1,0,0,0,0,0,0,0,0,0,1,0,0,0,1,1,1,1,1,1
BiiiiMoooo:1,0,0,0,0,0,0,0,0,0,1,0,0,0,0,0,0,0,0,0
BiiiimOOOO:1,0,0,0,0,0,0,0,0,0,0,1,1,1,1,1,1,1,1,1
BiiiimOOOo:1,0,0,0,0,0,0,0,0,0,0,1,1,1,0,0,0,0,0,0
BiiiimOOoO:1,0,0,0,0,0,0,0,0,0,0,1,1,0,1,1,1,1,1,1
BiiiimOOoo:1,0,0,0,0,0,0,0,0,0,0,1,1,0,0,0,0,0,0,0
BiiiimOoOO:1,0,0,0,0,0,0,0,0,0,0,1,0,1,1,1,1,1,1,1
BiiiimOoOo:1,0,0,0,0,0,0,0,0,0,0,1,0,1,0,0,0,0,0,0
BiiiimOooO:1,0,0,0,0,0,0,0,0,0,0,1,0,0,1,1,1,1,1,1
BiiiimOooo:1,0,0,0,0,0,0,0,0,0,0,1,0,0,0,0,0,0,0,0
BiiiimoOOO:1,0,0,0,0,0,0,0,0,0,0,0,1,1,1,1,1,1,1,1
BiiiimoOOo:1,0,0,0,0,0,0,0,0,0,0,0,1,1,0,0,0,0,0,0
BiiiimoOoO:1,0,0,0,0,0,0,0,0,0,0,0,1,0,1,1,1,1,1,1
BiiiimoOoo:1,0,0,0,0,0,0,0,0,0,0,0,1,0,0,0,0,0,0,0
BiiiimooOO:1,0,0,0,0,0,0,0,0,0,0,0,0,1,1,1,1,1,1,1
BiiiimooOo:1,0,0,0,0,0,0,0,0,0,0,0,0,1,0,0,0,0,0,0
BiiiimoooO:1,0,0,0,0,0,0,0,0,0,0,0,0,0,1,1,1,1,1,1
Biiiimoooo:1,0,0,0,0,0,0,0,0,0,0,0,0,0,0,0,0,0,0,0
bIIIIMOOOO:0,1,1,1,1,1,1,1,1,1,1,1,1,1,1,1,1,1,1,1
bIIIIMOOOo:0,1,1,1,1,1,1,1,1,1,1,1,1,1,0,0,0,0,0,0
bIIIIMOOoO:0,1,1,1,1,1,1,1,1,1,1,1,1,0,1,1,1,1,1,1
bIIIIMOOoo:0,1,1,1,1,1,1,1,1,1,1,1,1,0,0,0,0,0,0,0
bIIIIMOoOO:0,1,1,1,1,1,1,1,1,1,1,1,0,1,1,1,1,1,1,1
bIIIIMOoOo:0,1,1,1,1,1,1,1,1,1,1,1,0,1,0,0,0,0,0,0
bIIIIMOooO:0,1,1,1,1,1,1,1,1,1,1,1,0,0,1,1,1,1,1,1
bIIIIMOooo:0,1,1,1,1,1,1,1,1,1,1,1,0,0,0,0,0,0,0,0
bIIIIMoOOO:0,1,1,1,1,1,1,1,1,1,1,0,1,1,1,1,1,1,1,1
bIIIIMoOOo:0,1,1,1,1,1,1,1,1,1,1,0,1,1,0,0,0,0,0,0
bIIIIMoOoO:0,1,1,1,1,1,1,1,1,1,1,0,1,0,1,1,1,1,1,1
bIIIIMoOoo:0,1,1,1,1,1,1,1,1,1,1,0,1,0,0,0,0,0,0,0
bIIIIMooOO:0,1,1,1,1,1,1,1,1,1,1,0,0,1,1,1,1,1,1,1
bIIIIMooOo:0,1,1,1,1,1,1,1,1,1,1,0,0,1,0,0,0,0,0,0
bIIIIMoooO:0,1,1,1,1,1,1,1,1,1,1,0,0,0,1,1,1,1,1,1
bIIIIMoooo:0,1,1,1,1,1,1,1,1,1,1,0,0,0,0,0,0,0,0,0
bIIIImOOOO:0,1,1,1,1,1,1,1,1,1,0,1,1,1,1,1,1,1,1,1
bIIIImOOOo:0,1,1,1,1,1,1,1,1,1,0,1,1,1,0,0,0,0,0,0
bIIIImOOoO:0,1,1,1,1,1,1,1,1,1,0,1,1,0,1,1,1,1,1,1
bIIIImOOoo:0,1,1,1,1,1,1,1,1,1,0,1,1,0,0,0,0,0,0,0
bIIIImOoOO:0,1,1,1,1,1,1,1,1,1,0,1,0,1,1,1,1,1,1,1
bIIIImOoOo:0,1,1,1,1,1,1,1,1,1,0,1,0,1,0,0,0,0,0,0
bIIIImOooO:0,1,1,1,1,1,1,1,1,1,0,1,0,0,1,1,1,1,1,1
bIIIImOooo:0,1,1,1,1,1,1,1,1,1,0,1,0,0,0,0,0,0,0,0
bIIIImoOOO:0,1,1,1,1,1,1,1,1,1,0,0,1,1,1,1,1,1,1,1
bIIIImoOOo:0,1,1,1,1,1,1,1,1,1,0,0,1,1,0,0,0,0,0,0
bIIIImoOoO:0,1,1,1,1,1,1,1,1,1,0,0,1,0,1,1,1,1,1,1
bIIIImoOoo:0,1,1,1,1,1,1,1,1,1,0,0,1,0,0,0,0,0,0,0
bIIIImooOO:0,1,1,1,1,1,1,1,1,1,0,0,0,1,1,1,1,1,1,1
bIIIImooOo:0,1,1,1,1,1,1,1,1,1,0,0,0,1,0,0,0,0,0,0
bIIIImoooO:0,1,1,1,1,1,1,1,1,1,0,0,0,0,1,1,1,1,1,1
bIIIImoooo:0,1,1,1,1,1,1,1,1,1,0,0,0,0,0,0,0,0,0,0
bIIIiMOOOO:0,1,1,1,1,1,1,1,1,0,1,1,1,1,1,1,1,1,1,1
bIIIiMOOOo:0,1,1,1,1,1,1,1,1,0,1,1,1,1,0,0,0,0,0,0
bIIIiMOOoO:0,1,1,1,1,1,1,1,1,0,1,1,1,0,1,1,1,1,1,1
bIIIiMOOoo:0,1,1,1,1,1,1,1,1,0,1,1,1,0,0,0,0,0,0,0
bIIIiMOoOO:0,1,1,1,1,1,1,1,1,0,1,1,0,1,1,1,1,1,1,1
bIIIiMOoOo:0,1,1,1,1,1,1,1,1,0,1,1,0,1,0,0,0,0,0,0
bIIIiMOooO:0,1,1,1,1,1,1,1,1,0,1,1,0,0,1,1,1,1,1,1
bIIIiMOooo:0,1,1,1,1,1,1,1,1,0,1,1,0,0,0,0,0,0,0,0
bIIIiMoOOO:0,1,1,1,1,1,1,1,1,0,1,0,1,1,1,1,1,1,1,1
bIIIiMoOOo:0,1,1,1,1,1,1,1,1,0,1,0,1,1,0,0,0,0,0,0
bIIIiMoOoO:0,1,1,1,1,1,1,1,1,0,1,0,1,0,1,1,1,1,1,1
bIIIiMoOoo:0,1,1,1,1,1,1,1,1,0,1,0,1,0,0,0,0,0,0,0
bIIIiMooOO:0,1,1,1,1,1,1,1,1,0,1,0,0,1,1,1,1,1,1,1
bIIIiMooOo:0,1,1,1,1,1,1,1,1,0,1,0,0,1,0,0,0,0,0,0
bIIIiMoooO:0,1,1,1,1,1,1,1,1,0,1,0,0,0,1,1,1,1,1,1
bIIIiMoooo:0,1,1,1,1,1,1,1,1,0,1,0,0,0,0,0,0,0,0,0
bIIIimOOOO:0,1,1,1,1,1,1,1,1,0,0,1,1,1,1,1,1,1,1,1
bIIIimOOOo:0,1,1,1,1,1,1,1,1,0,0,1,1,1,0,0,0,0,0,0
bIIIimOOoO:0,1,1,1,1,1,1,1,1,0,0,1,1,0,1,1,1,1,1,1
bIIIimOOoo:0,1,1,1,1,1,1,1,1,0,0,1,1,0,0,0,0,0,0,0
bIIIimOoOO:0,1,1,1,1,1,1,1,1,0,0,1,0,1,1,1,1,1,1,1
bIIIimOoOo:0,1,1,1,1,1,1,1,1,0,0,1,0,1,0,0,0,0,0,0
bIIIimOooO:0,1,1,1,1,1,1,1,1,0,0,1,0,0,1,1,1,1,1,1
bIIIimOooo:0,1,1,1,1,1,1,1,1,0,0,1,0,0,0,0,0,0,0,0
bIIIimoOOO:0,1,1,1,1,1,1,1,1,0,0,0,1,1,1,1,1,1,1,1
bIIIimoOOo:0,1,1,1,1,1,1,1,1,0,0,0,1,1,0,0,0,0,0,0
bIIIimoOoO:0,1,1,1,1,1,1,1,1,0,0,0,1,0,1,1,1,1,1,1
bIIIimoOoo:0,1,1,1,1,1,1,1,1,0,0,0,1,0,0,0,0,0,0,0
bIIIimooOO:0,1,1,1,1,1,1,1,1,0,0,0,0,1,1,1,1,1,1,1
bIIIimooOo:0,1,1,1,1,1,1,1,1,0,0,0,0,1,0,0,0,0,0,0
bIIIimoooO:0,1,1,1,1,1,1,1,1,0,0,0,0,0,1,1,1,1,1,1
bIIIimoooo:0,1,1,1,1,1,1,1,1,0,0,0,0,0,0,0,0,0,0,0
bIIiIMOOOO:0,1,1,1,1,1,1,1,0,1,1,1,1,1,1,1,1,1,1,1
bIIiIMOOOo:0,1,1,1,1,1,1,1,0,1,1,1,1,1,0,0,0,0,0,0
bIIiIMOOoO:0,1,1,1,1,1,1,1,0,1,1,1,1,0,1,1,1,1,1,1
bIIiIMOOoo:0,1,1,1,1,1,1,1,0,1,1,1,1,0,0,0,0,0,0,0
bIIiIMOoOO:0,1,1,1,1,1,1,1,0,1,1,1,0,1,1,1,1,1,1,1
bIIiIMOoOo:0,1,1,1,1,1,1,1,0,1,1,1,0,1,0,0,0,0,0,0
bIIiIMOooO:0,1,1,1,1,1,1,1,0,1,1,1,0,0,1,1,1,1,1,1
bIIiIMOooo:0,1,1,1,1,1,1,1,0,1,1,1,0,0,0,0,0,0,0,0
bIIiIMoOOO:0,1,1,1,1,1,1,1,0,1,1,0,1,1,1,1,1,1,1,1
bIIiIMoOOo:0,1,1,1,1,1,1,1,0,1,1,0,1,1,0,0,0,0,0,0
bIIiIMoOoO:0,1,1,1,1,1,1,1,0,1,1,0,1,0,1,1,1,1,1,1
bIIiIMoOoo:0,1,1,1,1,1,1,1,0,1,1,0,1,0,0,0,0,0,0,0
bIIiIMooOO:0,1,1,1,1,1,1,1,0,1,1,0,0,1,1,1,1,1,1,1
bIIiIMooOo:0,1,1,1,1,1,1,1,0,1,1,0,0,1,0,0,0,0,0,0
bIIiIMoooO:0,1,1,1,1,1,1,1,0,1,1,0,0,0,1,1,1,1,1,1
bIIiIMoooo:0,1,1,1,1,1,1,1,0,1,1,0,0,0,0,0,0,0,0,0
bIIiImOOOO:0,1,1,1,1,1,1,1,0,1,0,1,1,1,1,1,1,1,1,1
bIIiImOOOo:0,1,1,1,1,1,1,1,0,1,0,1,1,1,0,0,0,0,0,0
bIIiImOOoO:0,1,1,1,1,1,1,1,0,1,0,1,1,0,1,1,1,1,1,1
bIIiImOOoo:0,1,1,1,1,1,1,1,0,1,0,1,1,0,0,0,0,0,0,0
bIIiImOoOO:0,1,1,1,1,1,1,1,0,1,0,1,0,1,1,1,1,1,1,1
bIIiImOoOo:0,1,1,1,1,1,1,1,0,1,0,1,0,1,0,0,0,0,0,0
bIIiImOooO:0,1,1,1,1,1,1,1,0,1,0,1,0,0,1,1,1,1,1,1
bIIiImOooo:0,1,1,1,1,1,1,1,0,1,0,1,0,0,0,0,0,0,0,0
bIIiImoOOO:0,1,1,1,1,1,1,1,0,1,0,0,1,1,1,1,1,1,1,1
bIIiImoOOo:0,1,1,1,1,1,1,1,0,1,0,0,1,1,0,0,0,0,0,0
bIIiImoOoO:0,1,1,1,1,1,1,1,0,1,0,0,1,0,1,1,1,1,1,1
bIIiImoOoo:0,1,1,1,1,1,1,1,0,1,0,0,1,0,0,0,0,0,0,0
bIIiImooOO:0,1,1,1,1,1,1,1,0,1,0,0,0,1,1,1,1,1,1,1
bIIiImooOo:0,1,1,1,1,1,1,1,0,1,0,0,0,1,0,0,0,0,0,0
bIIiImoooO:0,1,1,1,1,1,1,1,0,1,0,0,0,0,1,1,1,1,1,1
bIIiImoooo:0,1,1,1,1,1,1,1,0,1,0,0,0,0,0,0,0,0,0,0
bIIiiMOOOO:0,1,1,1,1,1,1,1,0,0,1,1,1,1,1,1,1,1,1,1
bIIiiMOOOo:0,1,1,1,1,1,1,1,0,0,1,1,1,1,0,0,0,0,0,0
bIIiiMOOoO:0,1,1,1,1,1,1,1,0,0,1,1,1,0,1,1,1,1,1,1
bIIiiMOOoo:0,1,1,1,1,1,1,1,0,0,1,1,1,0,0,0,0,0,0,0
bIIiiMOoOO:0,1,1,1,1,1,1,1,0,0,1,1,0,1,1,1,1,1,1,1
bIIiiMOoOo:0,1,1,1,1,1,1,1,0,0,1,1,0,1,0,0,0,0,0,0
bIIiiMOooO:0,1,1,1,1,1,1,1,0,0,1,1,0,0,1,1,1,1,1,1
bIIiiMOooo:0,1,1,1,1,1,1,1,0,0,1,1,0,0,0,0,0,0,0,0
bIIiiMoOOO:0,1,1,1,1,1,1,1,0,0,1,0,1,1,1,1,1,1,1,1
bIIiiMoOOo:0,1,1,1,1,1,1,1,0,0,1,0,1,1,0,0,0,0,0,0
bIIiiMoOoO:0,1,1,1,1,1,1,1,0,0,1,0,1,0,1,1,1,1,1,1
bIIiiMoOoo:0,1,1,1,1,1,1,1,0,0,1,0,1,0,0,0,0,0,0,0
bIIiiMooOO:0,1,1,1,1,1,1,1,0,0,1,0,0,1,1,1,1,1,1,1
bIIiiMooOo:0,1,1,1,1,1,1,1,0,0,1,0,0,1,0,0,0,0,0,0
bIIiiMoooO:0,1,1,1,1,1,1,1,0,0,1,0,0,0,1,1,1,1,1,1
bIIiiMoooo:0,1,1,1,1,1,1,1,0,0,1,0,0,0,0,0,0,0,0,0
bIIiimOOOO:0,1,1,1,1,1,1,1,0,0,0,1,1,1,1,1,1,1,1,1
bIIiimOOOo:0,1,1,1,1,1,1,1,0,0,0,1,1,1,0,0,0,0,0,0
bIIiimOOoO:0,1,1,1,1,1,1,1,0,0,0,1,1,0,1,1,1,1,1,1
bIIiimOOoo:0,1,1,1,1,1,1,1,0,0,0,1,1,0,0,0,0,0,0,0
bIIiimOoOO:0,1,1,1,1,1,1,1,0,0,0,1,0,1,1,1,1,1,1,1
bIIiimOoOo:0,1,1,1,1,1,1,1,0,0,0,1,0,1,0,0,0,0,0,0
bIIiimOooO:0,1,1,1,1,1,1,1,0,0,0,1,0,0,1,1,1,1,1,1
bIIiimOooo:0,1,1,1,1,1,1,1,0,0,0,1,0,0,0,0,0,0,0,0
bIIiimoOOO:0,1,1,1,1,1,1,1,0,0,0,0,1,1,1,1,1,1,1,1
bIIiimoOOo:0,1,1,1,1,1,1,1,0,0,0,0,1,1,0,0,0,0,0,0
bIIiimoOoO:0,1,1,1,1,1,1,1,0,0,0,0,1,0,1,1,1,1,1,1
bIIiimoOoo:0,1,1,1,1,1,1,1,0,0,0,0,1,0,0,0,0,0,0,0
bIIiimooOO:0,1,1,1,1,1,1,1,0,0,0,0,0,1,1,1,1,1,1,1
bIIiimooOo:0,1,1,1,1,1,1,1,0,0,0,0,0,1,0,0,0,0,0,0
bIIiimoooO:0,1,1,1,1,1,1,1,0,0,0,0,0,0,1,1,1,1,1,1
bIIiimoooo:0,1,1,1,1,1,1,1,0,0,0,0,0,0,0,0,0,0,0,0
bIiIIMOOOO:0,1,1,1,1,1,0,0,1,1,1,1,1,1,1,1,1,1,1,1
bIiIIMOOOo:0,1,1,1,1,1,0,0,1,1,1,1,1,1,0,0,0,0,0,0
bIiIIMOOoO:0,1,1,1,1,1,0,0,1,1,1,1,1,0,1,1,1,1,1,1
bIiIIMOOoo:0,1,1,1,1,1,0,0,1,1,1,1,1,0,0,0,0,0,0,0
bIiIIMOoOO:0,1,1,1,1,1,0,0,1,1,1,1,0,1,1,1,1,1,1,1
bIiIIMOoOo:0,1,1,1,1,1,0,0,1,1,1,1,0,1,0,0,0,0,0,0
bIiIIMOooO:0,1,1,1,1,1,0,0,1,1,1,1,0,0,1,1,1,1,1,1
bIiIIMOooo:0,1,1,1,1,1,0,0,1,1,1,1,0,0,0,0,0,0,0,0
bIiIIMoOOO:0,1,1,1,1,1,0,0,1,1,1,0,1,1,1,1,1,1,1,1
bIiIIMoOOo:0,1,1,1,1,1,0,0,1,1,1,0,1,1,0,0,0,0,0,0
bIiIIMoOoO:0,1,1,1,1,1,0,0,1,1,1,0,1,0,1,1,1,1,1,1
bIiIIMoOoo:0,1,1,1,1,1,0,0,1,1,1,0,1,0,0,0,0,0,0,0
bIiIIMooOO:0,1,1,1,1,1,0,0,1,1,1,0,0,1,1,1,1,1,1,1
bIiIIMooOo:0,1,1,1,1,1,0,0,1,1,1,0,0,1,0,0,0,0,0,0
bIiIIMoooO:0,1,1,1,1,1,0,0,1,1,1,0,0,0,1,1,1,1,1,1
bIiIIMoooo:0,1,1,1,1,1,0,0,1,1,1,0,0,0,0,0,0,0,0,0
bIiIImOOOO:0,1,1,1,1,1,0,0,1,1,0,1,1,1,1,1,1,1,1,1
bIiIImOOOo:0,1,1,1,1,1,0,0,1,1,0,1,1,1,0,0,0,0,0,0
bIiIImOOoO:0,1,1,1,1,1,0,0,1,1,0,1,1,0,1,1,1,1,1,1
bIiIImOOoo:0,1,1,1,1,1,0,0,1,1,0,1,1,0,0,0,0,0,0,0
bIiIImOoOO:0,1,1,1,1,1,0,0,1,1,0,1,0,1,1,1,1,1,1,1
bIiIImOoOo:0,1,1,1,1,1,0,0,1,1,0,1,0,1,0,0,0,0,0,0
bIiIImOooO:0,1,1,1,1,1,0,0,1,1,0,1,0,0,1,1,1,1,1,1
bIiIImOooo:0,1,1,1,1,1,0,0,1,1,0,1,0,0,0,0,0,0,0,0
bIiIImoOOO:0,1,1,1,1,1,0,0,1,1,0,0,1,1,1,1,1,1,1,1
bIiIImoOOo:0,1,1,1,1,1,0,0,1,1,0,0,1,1,0,0,0,0,0,0
bIiIImoOoO:0,1,1,1,1,1,0,0,1,1,0,0,1,0,1,1,1,1,1,1
bIiIImoOoo:0,1,1,1,1,1,0,0,1,1,0,0,1,0,0,0,0,0,0,0
bIiIImooOO:0,1,1,1,1,1,0,0,1,1,0,0,0,1,1,1,1,1,1,1
bIiIImooOo:0,1,1,1,1,1,0,0,1,1,0,0,0,1,0,0,0,0,0,0
bIiIImoooO:0,1,1,1,1,1,0,0,1,1,0,0,0,0,1,1,1,1,1,1
bIiIImoooo:0,1,1,1,1,1,0,0,1,1,0,0,0,0,0,0,0,0,0,0
bIiIiMOOOO:0,1,1,1,1,1,0,0,1,0,1,1,1,1,1,1,1,1,1,1
bIiIiMOOOo:0,1,1,1,1,1,0,0,1,0,1,1,1,1,0,0,0,0,0,0
bIiIiMOOoO:0,1,1,1,1,1,0,0,1,0,1,1,1,0,1,1,1,1,1,1
bIiIiMOOoo:0,1,1,1,1,1,0,0,1,0,1,1,1,0,0,0,0,0,0,0
bIiIiMOoOO:0,1,1,1,1,1,0,0,1,0,1,1,0,1,1,1,1,1,1,1
bIiIiMOoOo:0,1,1,1,1,1,0,0,1,0,1,1,0,1,0,0,0,0,0,0
bIiIiMOooO:0,1,1,1,1,1,0,0,1,0,1,1,0,0,1,1,1,1,1,1
bIiIiMOooo:0,1,1,1,1,1,0,0,1,0,1,1,0,0,0,0,0,0,0,0
bIiIiMoOOO:0,1,1,1,1,1,0,0,1,0,1,0,1,1,1,1,1,1,1,1
bIiIiMoOOo:0,1,1,1,1,1,0,0,1,0,1,0,1,1,0,0,0,0,0,0
bIiIiMoOoO:0,1,1,1,1,1,0,0,1,0,1,0,1,0,1,1,1,1,1,1
bIiIiMoOoo:0,1,1,1,1,1,0,0,1,0,1,0,1,0,0,0,0,0,0,0
bIiIiMooOO:0,1,1,1,1,1,0,0,1,0,1,0,0,1,1,1,1,1,1,1
bIiIiMooOo:0,1,1,1,1,1,0,0,1,0,1,0,0,1,0,0,0,0,0,0
bIiIiMoooO:0,1,1,1,1,1,0,0,1,0,1,0,0,0,1,1,1,1,1,1
bIiIiMoooo:0,1,1,1,1,1,0,0,1,0,1,0,0,0,0,0,0,0,0,0
bIiIimOOOO:0,1,1,1,1,1,0,0,1,0,0,1,1,1,1,1,1,1,1,1
bIiIimOOOo:0,1,1,1,1,1,0,0,1,0,0,1,1,1,0,0,0,0,0,0
bIiIimOOoO:0,1,1,1,1,1,0,0,1,0,0,1,1,0,1,1,1,1,1,1
bIiIimOOoo:0,1,1,1,1,1,0,0,1,0,0,1,1,0,0,0,0,0,0,0
bIiIimOoOO:0,1,1,1,1,1,0,0,1,0,0,1,0,1,1,1,1,1,1,1
bIiIimOoOo:0,1,1,1,1,1,0,0,1,0,0,1,0,1,0,0,0,0,0,0
bIiIimOooO:0,1,1,1,1,1,0,0,1,0,0,1,0,0,1,1,1,1,1,1
bIiIimOooo:0,1,1,1,1,1,0,0,1,0,0,1,0,0,0,0,0,0,0,0
bIiIimoOOO:0,1,1,1,1,1,0,0,1,0,0,0,1,1,1,1,1,1,1,1
bIiIimoOOo:0,1,1,1,1,1,0,0,1,0,0,0,1,1,0,0,0,0,0,0
bIiIimoOoO:0,1,1,1,1,1,0,0,1,0,0,0,1,0,1,1,1,1,1,1
bIiIimoOoo:0,1,1,1,1,1,0,0,1,0,0,0,1,0,0,0,0,0,0,0
bIiIimooOO:0,1,1,1,1,1,0,0,1,0,0,0,0,1,1,1,1,1,1,1
bIiIimooOo:0,1,1,1,1,1,0,0,1,0,0,0,0,1,0,0,0,0,0,0
bIiIimoooO:0,1,1,1,1,1,0,0,1,0,0,0,0,0,1,1,1,1,1,1
bIiIimoooo:0,1,1,1,1,1,0,0,1,0,0,0,0,0,0,0,0,0,0,0
bIiiIMOOOO:0,1,1,1,1,1,0,0,0,1,1,1,1,1,1,1,1,1,1,1
bIiiIMOOOo:0,1,1,1,1,1,0,0,0,1,1,1,1,1,0,0,0,0,0,0
bIiiIMOOoO:0,1,1,1,1,1,0,0,0,1,1,1,1,0,1,1,1,1,1,1
bIiiIMOOoo:0,1,1,1,1,1,0,0,0,1,1,1,1,0,0,0,0,0,0,0
bIiiIMOoOO:0,1,1,1,1,1,0,0,0,1,1,1,0,1,1,1,1,1,1,1
bIiiIMOoOo:0,1,1,1,1,1,0,0,0,1,1,1,0,1,0,0,0,0,0,0
bIiiIMOooO:0,1,1,1,1,1,0,0,0,1,1,1,0,0,1,1,1,1,1,1
bIiiIMOooo:0,1,1,1,1,1,0,0,0,1,1,1,0,0,0,0,0,0,0,0
bIiiIMoOOO:0,1,1,1,1,1,0,0,0,1,1,0,1,1,1,1,1,1,1,1
bIiiIMoOOo:0,1,1,1,1,1,0,0,0,1,1,0,1,1,0,0,0,0,0,0
bIiiIMoOoO:0,1,1,1,1,1,0,0,0,1,1,0,1,0,1,1,1,1,1,1
bIiiIMoOoo:0,1,1,1,1,1,0,0,0,1,1,0,1,0,0,0,0,0,0,0
bIiiIMooOO:0,1,1,1,1,1,0,0,0,1,1,0,0,1,1,1,1,1,1,1
bIiiIMooOo:0,1,1,1,1,1,0,0,0,1,1,0,0,1,0,0,0,0,0,0
bIiiIMoooO:0,1,1,1,1,1,0,0,0,1,1,0,0,0,1,1,1,1,1,1
bIiiIMoooo:0,1,1,1,1,1,0,0,0,1,1,0,0,0,0,0,0,0,0,0
bIiiImOOOO:0,1,1,1,1,1,0,0,0,1,0,1,1,1,1,1,1,1,1,1
bIiiImOOOo:0,1,1,1,1,1,0,0,0,1,0,1,1,1,0,0,0,0,0,0
bIiiImOOoO:0,1,1,1,1,1,0,0,0,1,0,1,1,0,1,1,1,1,1,1
bIiiImOOoo:0,1,1,1,1,1,0,0,0,1,0,1,1,0,0,0,0,0,0,0
bIiiImOoOO:0,1,1,1,1,1,0,0,0,1,0,1,0,1,1,1,1,1,1,1
bIiiImOoOo:0,1,1,1,1,1,0,0,0,1,0,1,0,1,0,0,0,0,0,0
bIiiImOooO:0,1,1,1,1,1,0,0,0,1,0,1,0,0,1,1,1,1,1,1
bIiiImOooo:0,1,1,1,1,1,0,0,0,1,0,1,0,0,0,0,0,0,0,0
bIiiImoOOO:0,1,1,1,1,1,0,0,0,1,0,0,1,1,1,1,1,1,1,1
bIiiImoOOo:0,1,1,1,1,1,0,0,0,1,0,0,1,1,0,0,0,0,0,0
bIiiImoOoO:0,1,1,1,1,1,0,0,0,1,0,0,1,0,1,1,1,1,1,1
bIiiImoOoo:0,1,1,1,1,1,0,0,0,1,0,0,1,0,0,0,0,0,0,0
bIiiImooOO:0,1,1,1,1,1,0,0,0,1,0,0,0,1,1,1,1,1,1,1
bIiiImooOo:0,1,1,1,1,1,0,0,0,1,0,0,0,1,0,0,0,0,0,0
bIiiImoooO:0,1,1,1,1,1,0,0,0,1,0,0,0,0,1,1,1,1,1,1
bIiiImoooo:0,1,1,1,1,1,0,0,0,1,0,0,0,0,0,0,0,0,0,0
bIiiiMOOOO:0,1,1,1,1,1,0,0,0,0,1,1,1,1,1,1,1,1,1,1
bIiiiMOOOo:0,1,1,1,1,1,0,0,0,0,1,1,1,1,0,0,0,0,0,0
bIiiiMOOoO:0,1,1,1,1,1,0,0,0,0,1,1,1,0,1,1,1,1,1,1
bIiiiMOOoo:0,1,1,1,1,1,0,0,0,0,1,1,1,0,0,0,0,0,0,0
bIiiiMOoOO:0,1,1,1,1,1,0,0,0,0,1,1,0,1,1,1,1,1,1,1
bIiiiMOoOo:0,1,1,1,1,1,0,0,0,0,1,1,0,1,0,0,0,0,0,0
bIiiiMOooO:0,1,1,1,1,1,0,0,0,0,1,1,0,0,1,1,1,1,1,1
bIiiiMOooo:0,1,1,1,1,1,0,0,0,0,1,1,0,0,0,0,0,0,0,0
bIiiiMoOOO:0,1,1,1,1,1,0,0,0,0,1,0,1,1,1,1,1,1,1,1
bIiiiMoOOo:0,1,1,1,1,1,0,0,0,0,1,0,1,1,0,0,0,0,0,0
bIiiiMoOoO:0,1,1,1,1,1,0,0,0,0,1,0,1,0,1,1,1,1,1,1
bIiiiMoOoo:0,1,1,1,1,1,0,0,0,0,1,0,1,0,0,0,0,0,0,0
bIiiiMooOO:0,1,1,1,1,1,0,0,0,0,1,0,0,1,1,1,1,1,1,1
bIiiiMooOo:0,1,1,1,1,1,0,0,0,0,1,0,0,1,0,0,0,0,0,0
bIiiiMoooO:0,1,1,1,1,1,0,0,0,0,1,0,0,0,1,1,1,1,1,1
bIiiiMoooo:0,1,1,1,1,1,0,0,0,0,1,0,0,0,0,0,0,0,0,0
bIiiimOOOO:0,1,1,1,1,1,0,0,0,0,0,1,1,1,1,1,1,1,1,1
bIiiimOOOo:0,1,1,1,1,1,0,0,0,0,0,1,1,1,0,0,0,0,0,0
bIiiimOOoO:0,1,1,1,1,1,0,0,0,0,0,1,1,0,1,1,1,1,1,1
bIiiimOOoo:0,1,1,1,1,1,0,0,0,0,0,1,1,0,0,0,0,0,0,0
bIiiimOoOO:0,1,1,1,1,1,0,0,0,0,0,1,0,1,1,1,1,1,1,1
bIiiimOoOo:0,1,1,1,1,1,0,0,0,0,0,1,0,1,0,0,0,0,0,0
bIiiimOooO:0,1,1,1,1,1,0,0,0,0,0,1,0,0,1,1,1,1,1,1
bIiiimOooo:0,1,1,1,1,1,0,0,0,0,0,1,0,0,0,0,0,0,0,0
bIiiimoOOO:0,1,1,1,1,1,0,0,0,0,0,0,1,1,1,1,1,1,1,1
bIiiimoOOo:0,1,1,1,1,1,0,0,0,0,0,0,1,1,0,0,0,0,0,0
bIiiimoOoO:0,1,1,1,1,1,0,0,0,0,0,0,1,0,1,1,1,1,1,1
bIiiimoOoo:0,1,1,1,1,1,0,0,0,0,0,0,1,0,0,0,0,0,0,0
bIiiimooOO:0,1,1,1,1,1,0,0,0,0,0,0,0,1,1,1,1,1,1,1
bIiiimooOo:0,1,1,1,1,1,0,0,0,0,0,0,0,1,0,0,0,0,0,0
bIiiimoooO:0,1,1,1,1,1,0,0,0,0,0,0,0,0,1,1,1,1,1,1
bIiiimoooo:0,1,1,1,1,1,0,0,0,0,0,0,0,0,0,0,0,0,0,0
biIIIMOOOO:0,0,0,0,0,0,1,1,1,1,1,1,1,1,1,1,1,1,1,1
biIIIMOOOo:0,0,0,0,0,0,1,1,1,1,1,1,1,1,0,0,0,0,0,0
biIIIMOOoO:0,0,0,0,0,0,1,1,1,1,1,1,1,0,1,1,1,1,1,1
biIIIMOOoo:0,0,0,0,0,0,1,1,1,1,1,1,1,0,0,0,0,0,0,0
biIIIMOoOO:0,0,0,0,0,0,1,1,1,1,1,1,0,1,1,1,1,1,1,1
biIIIMOoOo:0,0,0,0,0,0,1,1,1,1,1,1,0,1,0,0,0,0,0,0
biIIIMOooO:0,0,0,0,0,0,1,1,1,1,1,1,0,0,1,1,1,1,1,1
biIIIMOooo:0,0,0,0,0,0,1,1,1,1,1,1,0,0,0,0,0,0,0,0
biIIIMoOOO:0,0,0,0,0,0,1,1,1,1,1,0,1,1,1,1,1,1,1,1
biIIIMoOOo:0,0,0,0,0,0,1,1,1,1,1,0,1,1,0,0,0,0,0,0
biIIIMoOoO:0,0,0,0,0,0,1,1,1,1,1,0,1,0,1,1,1,1,1,1
biIIIMoOoo:0,0,0,0,0,0,1,1,1,1,1,0,1,0,0,0,0,0,0,0
biIIIMooOO:0,0,0,0,0,0,1,1,1,1,1,0,0,1,1,1,1,1,1,1
biIIIMooOo:0,0,0,0,0,0,1,1,1,1,1,0,0,1,0,0,0,0,0,0
biIIIMoooO:0,0,0,0,0,0,1,1,1,1,1,0,0,0,1,1,1,1,1,1
biIIIMoooo:0,0,0,0,0,0,1,1,1,1,1,0,0,0,0,0,0,0,0,0
biIIImOOOO:0,0,0,0,0,0,1,1,1,1,0,1,1,1,1,1,1,1,1,1
biIIImOOOo:0,0,0,0,0,0,1,1,1,1,0,1,1,1,0,0,0,0,0,0
biIIImOOoO:0,0,0,0,0,0,1,1,1,1,0,1,1,0,1,1,1,1,1,1
biIIImOOoo:0,0,0,0,0,0,1,1,1,1,0,1,1,0,0,0,0,0,0,0
biIIImOoOO:0,0,0,0,0,0,1,1,1,1,0,1,0,1,1,1,1,1,1,1
biIIImOoOo:0,0,0,0,0,0,1,1,1,1,0,1,0,1,0,0,0,0,0,0
biIIImOooO:0,0,0,0,0,0,1,1,1,1,0,1,0,0,1,1,1,1,1,1
biIIImOooo:0,0,0,0,0,0,1,1,1,1,0,1,0,0,0,0,0,0,0,0
biIIImoOOO:0,0,0,0,0,0,1,1,1,1,0,0,1,1,1,1,1,1,1,1
biIIImoOOo:0,0,0,0,0,0,1,1,1,1,0,0,1,1,0,0,0,0,0,0
biIIImoOoO:0,0,0,0,0,0,1,1,1,1,0,0,1,0,1,1,1,1,1,1
biIIImoOoo:0,0,0,0,0,0,1,1,1,1,0,0,1,0,0,0,0,0,0,0
biIIImooOO:0,0,0,0,0,0,1,1,1,1,0,0,0,1,1,1,1,1,1,1
biIIImooOo:0,0,0,0,0,0,1,1,1,1,0,0,0,1,0,0,0,0,0,0
biIIImoooO:0,0,0,0,0,0,1,1,1,1,0,0,0,0,1,1,1,1,1,1
biIIImoooo:0,0,0,0,0,0,1,1,1,1,0,0,0,0,0,0,0,0,0,0
biIIiMOOOO:0,0,0,0,0,0,1,1,1,0,1,1,1,1,1,1,1,1,1,1
biIIiMOOOo:0,0,0,0,0,0,1,1,1,0,1,1,1,1,0,0,0,0,0,0
biIIiMOOoO:0,0,0,0,0,0,1,1,1,0,1,1,1,0,1,1,1,1,1,1
biIIiMOOoo:0,0,0,0,0,0,1,1,1,0,1,1,1,0,0,0,0,0,0,0
biIIiMOoOO:0,0,0,0,0,0,1,1,1,0,1,1,0,1,1,1,1,1,1,1
biIIiMOoOo:0,0,0,0,0,0,1,1,1,0,1,1,0,1,0,0,0,0,0,0
biIIiMOooO:0,0,0,0,0,0,1,1,1,0,1,1,0,0,1,1,1,1,1,1
biIIiMOooo:0,0,0,0,0,0,1,1,1,0,1,1,0,0,0,0,0,0,0,0
biIIiMoOOO:0,0,0,0,0,0,1,1,1,0,1,0,1,1,1,1,1,1,1,1
biIIiMoOOo:0,0,0,0,0,0,1,1,1,0,1,0,1,1,0,0,0,0,0,0
biIIiMoOoO:0,0,0,0,0,0,1,1,1,0,1,0,1,0,1,1,1,1,1,1
biIIiMoOoo:0,0,0,0,0,0,1,1,1,0,1,0,1,0,0,0,0,0,0,0
biIIiMooOO:0,0,0,0,0,0,1,1,1,0,1,0,0,1,1,1,1,1,1,1
biIIiMooOo:0,0,0,0,0,0,1,1,1,0,1,0,0,1,0,0,0,0,0,0
biIIiMoooO:0,0,0,0,0,0,1,1,1,0,1,0,0,0,1,1,1,1,1,1
biIIiMoooo:0,0,0,0,0,0,1,1,1,0,1,0,0,0,0,0,0,0,0,0
biIIimOOOO:0,0,0,0,0,0,1,1,1,0,0,1,1,1,1,1,1,1,1,1
biIIimOOOo:0,0,0,0,0,0,1,1,1,0,0,1,1,1,0,0,0,0,0,0
biIIimOOoO:0,0,0,0,0,0,1,1,1,0,0,1,1,0,1,1,1,1,1,1
biIIimOOoo:0,0,0,0,0,0,1,1,1,0,0,1,1,0,0,0,0,0,0,0
biIIimOoOO:0,0,0,0,0,0,1,1,1,0,0,1,0,1,1,1,1,1,1,1
biIIimOoOo:0,0,0,0,0,0,1,1,1,0,0,1,0,1,0,0,0,0,0,0
biIIimOooO:0,0,0,0,0,0,1,1,1,0,0,1,0,0,1,1,1,1,1,1
biIIimOooo:0,0,0,0,0,0,1,1,1,0,0,1,0,0,0,0,0,0,0,0
biIIimoOOO:0,0,0,0,0,0,1,1,1,0,0,0,1,1,1,1,1,1,1,1
biIIimoOOo:0,0,0,0,0,0,1,1,1,0,0,0,1,1,0,0,0,0,0,0
biIIimoOoO:0,0,0,0,0,0,1,1,1,0,0,0,1,0,1,1,1,1,1,1
biIIimoOoo:0,0,0,0,0,0,1,1,1,0,0,0,1,0,0,0,0,0,0,0
biIIimooOO:0,0,0,0,0,0,1,1,1,0,0,0,0,1,1,1,1,1,1,1
biIIimooOo:0,0,0,0,0,0,1,1,1,0,0,0,0,1,0,0,0,0,0,0
biIIimoooO:0,0,0,0,0,0,1,1,1,0,0,0,0,0,1,1,1,1,1,1
biIIimoooo:0,0,0,0,0,0,1,1,1,0,0,0,0,0,0,0,0,0,0,0
biIiIMOOOO:0,0,0,0,0,0,1,1,0,1,1,1,1,1,1,1,1,1,1,1
biIiIMOOOo:0,0,0,0,0,0,1,1,0,1,1,1,1,1,0,0,0,0,0,0
biIiIMOOoO:0,0,0,0,0,0,1,1,0,1,1,1,1,0,1,1,1,1,1,1
biIiIMOOoo:0,0,0,0,0,0,1,1,0,1,1,1,1,0,0,0,0,0,0,0
biIiIMOoOO:0,0,0,0,0,0,1,1,0,1,1,1,0,1,1,1,1,1,1,1
biIiIMOoOo:0,0,0,0,0,0,1,1,0,1,1,1,0,1,0,0,0,0,0,0
biIiIMOooO:0,0,0,0,0,0,1,1,0,1,1,1,0,0,1,1,1,1,1,1
biIiIMOooo:0,0,0,0,0,0,1,1,0,1,1,1,0,0,0,0,0,0,0,0
biIiIMoOOO:0,0,0,0,0,0,1,1,0,1,1,0,1,1,1,1,1,1,1,1
biIiIMoOOo:0,0,0,0,0,0,1,1,0,1,1,0,1,1,0,0,0,0,0,0
biIiIMoOoO:0,0,0,0,0,0,1,1,0,1,1,0,1,0,1,1,1,1,1,1
biIiIMoOoo:0,0,0,0,0,0,1,1,0,1,1,0,1,0,0,0,0,0,0,0
biIiIMooOO:0,0,0,0,0,0,1,1,0,1,1,0,0,1,1,1,1,1,1,1
biIiIMooOo:0,0,0,0,0,0,1,1,0,1,1,0,0,1,0,0,0,0,0,0
biIiIMoooO:0,0,0,0,0,0,1,1,0,1,1,0,0,0,1,1,1,1,1,1
biIiIMoooo:0,0,0,0,0,0,1,1,0,1,1,0,0,0,0,0,0,0,0,0
biIiImOOOO:0,0,0,0,0,0,1,1,0,1,0,1,1,1,1,1,1,1,1,1
biIiImOOOo:0,0,0,0,0,0,1,1,0,1,0,1,1,1,0,0,0,0,0,0
biIiImOOoO:0,0,0,0,0,0,1,1,0,1,0,1,1,0,1,1,1,1,1,1
biIiImOOoo:0,0,0,0,0,0,1,1,0,1,0,1,1,0,0,0,0,0,0,0
biIiImOoOO:0,0,0,0,0,0,1,1,0,1,0,1,0,1,1,1,1,1,1,1
biIiImOoOo:0,0,0,0,0,0,1,1,0,1,0,1,0,1,0,0,0,0,0,0
biIiImOooO:0,0,0,0,0,0,1,1,0,1,0,1,0,0,1,1,1,1,1,1
biIiImOooo:0,0,0,0,0,0,1,1,0,1,0,1,0,0,0,0,0,0,0,0
biIiImoOOO:0,0,0,0,0,0,1,1,0,1,0,0,1,1,1,1,1,1,1,1
biIiImoOOo:0,0,0,0,0,0,1,1,0,1,0,0,1,1,0,0,0,0,0,0
biIiImoOoO:0,0,0,0,0,0,1,1,0,1,0,0,1,0,1,1,1,1,1,1
biIiImoOoo:0,0,0,0,0,0,1,1,0,1,0,0,1,0,0,0,0,0,0,0
biIiImooOO:0,0,0,0,0,0,1,1,0,1,0,0,0,1,1,1,1,1,1,1
biIiImooOo:0,0,0,0,0,0,1,1,0,1,0,0,0,1,0,0,0,0,0,0
biIiImoooO:0,0,0,0,0,0,1,1,0,1,0,0,0,0,1,1,1,1,1,1
biIiImoooo:0,0,0,0,0,0,1,1,0,1,0,0,0,0,0,0,0,0,0,0
biIiiMOOOO:0,0,0,0,0,0,1,1,0,0,1,1,1,1,1,1,1,1,1,1
biIiiMOOOo:0,0,0,0,0,0,1,1,0,0,1,1,1,1,0,0,0,0,0,0
biIiiMOOoO:0,0,0,0,0,0,1,1,0,0,1,1,1,0,1,1,1,1,1,1
biIiiMOOoo:0,0,0,0,0,0,1,1,0,0,1,1,1,0,0,0,0,0,0,0
biIiiMOoOO:0,0,0,0,0,0,1,1,0,0,1,1,0,1,1,1,1,1,1,1
biIiiMOoOo:0,0,0,0,0,0,1,1,0,0,1,1,0,1,0,0,0,0,0,0
biIiiMOooO:0,0,0,0,0,0,1,1,0,0,1,1,0,0,1,1,1,1,1,1
biIiiMOooo:0,0,0,0,0,0,1,1,0,0,1,1,0,0,0,0,0,0,0,0
biIiiMoOOO:0,0,0,0,0,0,1,1,0,0,1,0,1,1,1,1,1,1,1,1
biIiiMoOOo:0,0,0,0,0,0,1,1,0,0,1,0,1,1,0,0,0,0,0,0
biIiiMoOoO:0,0,0,0,0,0,1,1,0,0,1,0,1,0,1,1,1,1,1,1
biIiiMoOoo:0,0,0,0,0,0,1,1,0,0,1,0,1,0,0,0,0,0,0,0
biIiiMooOO:0,0,0,0,0,0,1,1,0,0,1,0,0,1,1,1,1,1,1,1
biIiiMooOo:0,0,0,0,0,0,1,1,0,0,1,0,0,1,0,0,0,0,0,0
biIiiMoooO:0,0,0,0,0,0,1,1,0,0,1,0,0,0,1,1,1,1,1,1
biIiiMoooo:0,0,0,0,0,0,1,1,0,0,1,0,0,0,0,0,0,0,0,0
biIiimOOOO:0,0,0,0,0,0,1,1,0,0,0,1,1,1,1,1,1,1,1,1
biIiimOOOo:0,0,0,0,0,0,1,1,0,0,0,1,1,1,0,0,0,0,0,0
biIiimOOoO:0,0,0,0,0,0,1,1,0,0,0,1,1,0,1,1,1,1,1,1
biIiimOOoo:0,0,0,0,0,0,1,1,0,0,0,1,1,0,0,0,0,0,0,0
biIiimOoOO:0,0,0,0,0,0,1,1,0,0,0,1,0,1,1,1,1,1,1,1
biIiimOoOo:0,0,0,0,0,0,1,1,0,0,0,1,0,1,0,0,0,0,0,0
biIiimOooO:0,0,0,0,0,0,1,1,0,0,0,1,0,0,1,1,1,1,1,1
biIiimOooo:0,0,0,0,0,0,1,1,0,0,0,1,0,0,0,0,0,0,0,0
biIiimoOOO:0,0,0,0,0,0,1,1,0,0,0,0,1,1,1,1,1,1,1,1
biIiimoOOo:0,0,0,0,0,0,1,1,0,0,0,0,1,1,0,0,0,0,0,0
biIiimoOoO:0,0,0,0,0,0,1,1,0,0,0,0,1,0,1,1,1,1,1,1
biIiimoOoo:0,0,0,0,0,0,1,1,0,0,0,0,1,0,0,0,0,0,0,0
biIiimooOO:0,0,0,0,0,0,1,1,0,0,0,0,0,1,1,1,1,1,1,1
biIiimooOo:0,0,0,0,0,0,1,1,0,0,0,0,0,1,0,0,0,0,0,0
biIiimoooO:0,0,0,0,0,0,1,1,0,0,0,0,0,0,1,1,1,1,1,1
biIiimoooo:0,0,0,0,0,0,1,1,0,0,0,0,0,0,0,0,0,0,0,0
biiIIMOOOO:0,0,0,0,0,0,0,0,1,1,1,1,1,1,1,1,1,1,1,1
biiIIMOOOo:0,0,0,0,0,0,0,0,1,1,1,1,1,1,0,0,0,0,0,0
biiIIMOOoO:0,0,0,0,0,0,0,0,1,1,1,1,1,0,1,1,1,1,1,1
biiIIMOOoo:0,0,0,0,0,0,0,0,1,1,1,1,1,0,0,0,0,0,0,0
biiIIMOoOO:0,0,0,0,0,0,0,0,1,1,1,1,0,1,1,1,1,1,1,1
biiIIMOoOo:0,0,0,0,0,0,0,0,1,1,1,1,0,1,0,0,0,0,0,0
biiIIMOooO:0,0,0,0,0,0,0,0,1,1,1,1,0,0,1,1,1,1,1,1
biiIIMOooo:0,0,0,0,0,0,0,0,1,1,1,1,0,0,0,0,0,0,0,0
biiIIMoOOO:0,0,0,0,0,0,0,0,1,1,1,0,1,1,1,1,1,1,1,1
biiIIMoOOo:0,0,0,0,0,0,0,0,1,1,1,0,1,1,0,0,0,0,0,0
biiIIMoOoO:0,0,0,0,0,0,0,0,1,1,1,0,1,0,1,1,1,1,1,1
biiIIMoOoo:0,0,0,0,0,0,0,0,1,1,1,0,1,0,0,0,0,0,0,0
biiIIMooOO:0,0,0,0,0,0,0,0,1,1,1,0,0,1,1,1,1,1,1,1
biiIIMooOo:0,0,0,0,0,0,0,0,1,1,1,0,0,1,0,0,0,0,0,0
biiIIMoooO:0,0,0,0,0,0,0,0,1,1,1,0,0,0,1,1,1,1,1,1
biiIIMoooo:0,0,0,0,0,0,0,0,1,1,1,0,0,0,0,0,0,0,0,0
biiIImOOOO:0,0,0,0,0,0,0,0,1,1,0,1,1,1,1,1,1,1,1,1
biiIImOOOo:0,0,0,0,0,0,0,0,1,1,0,1,1,1,0,0,0,0,0,0
biiIImOOoO:0,0,0,0,0,0,0,0,1,1,0,1,1,0,1,1,1,1,1,1
biiIImOOoo:0,0,0,0,0,0,0,0,1,1,0,1,1,0,0,0,0,0,0,0
biiIImOoOO:0,0,0,0,0,0,0,0,1,1,0,1,0,1,1,1,1,1,1,1
biiIImOoOo:0,0,0,0,0,0,0,0,1,1,0,1,0,1,0,0,0,0,0,0
biiIImOooO:0,0,0,0,0,0,0,0,1,1,0,1,0,0,1,1,1,1,1,1
biiIImOooo:0,0,0,0,0,0,0,0,1,1,0,1,0,0,0,0,0,0,0,0
biiIImoOOO:0,0,0,0,0,0,0,0,1,1,0,0,1,1,1,1,1,1,1,1
biiIImoOOo:0,0,0,0,0,0,0,0,1,1,0,0,1,1,0,0,0,0,0,0
biiIImoOoO:0,0,0,0,0,0,0,0,1,1,0,0,1,0,1,1,1,1,1,1
biiIImoOoo:0,0,0,0,0,0,0,0,1,1,0,0,1,0,0,0,0,0,0,0
biiIImooOO:0,0,0,0,0,0,0,0,1,1,0,0,0,1,1,1,1,1,1,1
biiIImooOo:0,0,0,0,0,0,0,0,1,1,0,0,0,1,0,0,0,0,0,0
biiIImoooO:0,0,0,0,0,0,0,0,1,1,0,0,0,0,1,1,1,1,1,1
biiIImoooo:0,0,0,0,0,0,0,0,1,1,0,0,0,0,0,0,0,0,0,0
biiIiMOOOO:0,0,0,0,0,0,0,0,1,0,1,1,1,1,1,1,1,1,1,1
biiIiMOOOo:0,0,0,0,0,0,0,0,1,0,1,1,1,1,0,0,0,0,0,0
biiIiMOOoO:0,0,0,0,0,0,0,0,1,0,1,1,1,0,1,1,1,1,1,1
biiIiMOOoo:0,0,0,0,0,0,0,0,1,0,1,1,1,0,0,0,0,0,0,0
biiIiMOoOO:0,0,0,0,0,0,0,0,1,0,1,1,0,1,1,1,1,1,1,1
biiIiMOoOo:0,0,0,0,0,0,0,0,1,0,1,1,0,1,0,0,0,0,0,0
biiIiMOooO:0,0,0,0,0,0,0,0,1,0,1,1,0,0,1,1,1,1,1,1
biiIiMOooo:0,0,0,0,0,0,0,0,1,0,1,1,0,0,0,0,0,0,0,0
biiIiMoOOO:0,0,0,0,0,0,0,0,1,0,1,0,1,1,1,1,1,1,1,1
biiIiMoOOo:0,0,0,0,0,0,0,0,1,0,1,0,1,1,0,0,0,0,0,0
biiIiMoOoO:0,0,0,0,0,0,0,0,1,0,1,0,1,0,1,1,1,1,1,1
biiIiMoOoo:0,0,0,0,0,0,0,0,1,0,1,0,1,0,0,0,0,0,0,0
biiIiMooOO:0,0,0,0,0,0,0,0,1,0,1,0,0,1,1,1,1,1,1,1
biiIiMooOo:0,0,0,0,0,0,0,0,1,0,1,0,0,1,0,0,0,0,0,0
biiIiMoooO:0,0,0,0,0,0,0,0,1,0,1,0,0,0,1,1,1,1,1,1
biiIiMoooo:0,0,0,0,0,0,0,0,1,0,1,0,0,0,0,0,0,0,0,0
biiIimOOOO:0,0,0,0,0,0,0,0,1,0,0,1,1,1,1,1,1,1,1,1
biiIimOOOo:0,0,0,0,0,0,0,0,1,0,0,1,1,1,0,0,0,0,0,0
biiIimOOoO:0,0,0,0,0,0,0,0,1,0,0,1,1,0,1,1,1,1,1,1
biiIimOOoo:0,0,0,0,0,0,0,0,1,0,0,1,1,0,0,0,0,0,0,0
biiIimOoOO:0,0,0,0,0,0,0,0,1,0,0,1,0,1,1,1,1,1,1,1
biiIimOoOo:0,0,0,0,0,0,0,0,1,0,0,1,0,1,0,0,0,0,0,0
biiIimOooO:0,0,0,0,0,0,0,0,1,0,0,1,0,0,1,1,1,1,1,1
biiIimOooo:0,0,0,0,0,0,0,0,1,0,0,1,0,0,0,0,0,0,0,0
biiIimoOOO:0,0,0,0,0,0,0,0,1,0,0,0,1,1,1,1,1,1,1,1
biiIimoOOo:0,0,0,0,0,0,0,0,1,0,0,0,1,1,0,0,0,0,0,0
biiIimoOoO:0,0,0,0,0,0,0,0,1,0,0,0,1,0,1,1,1,1,1,1
biiIimoOoo:0,0,0,0,0,0,0,0,1,0,0,0,1,0,0,0,0,0,0,0
biiIimooOO:0,0,0,0,0,0,0,0,1,0,0,0,0,1,1,1,1,1,1,1
biiIimooOo:0,0,0,0,0,0,0,0,1,0,0,0,0,1,0,0,0,0,0,0
biiIimoooO:0,0,0,0,0,0,0,0,1,0,0,0,0,0,1,1,1,1,1,1
biiIimoooo:0,0,0,0,0,0,0,0,1,0,0,0,0,0,0,0,0,0,0,0
biiiIMOOOO:0,0,0,0,0,0,0,0,0,1,1,1,1,1,1,1,1,1,1,1
biiiIMOOOo:0,0,0,0,0,0,0,0,0,1,1,1,1,1,0,0,0,0,0,0
biiiIMOOoO:0,0,0,0,0,0,0,0,0,1,1,1,1,0,1,1,1,1,1,1
biiiIMOOoo:0,0,0,0,0,0,0,0,0,1,1,1,1,0,0,0,0,0,0,0
biiiIMOoOO:0,0,0,0,0,0,0,0,0,1,1,1,0,1,1,1,1,1,1,1
biiiIMOoOo:0,0,0,0,0,0,0,0,0,1,1,1,0,1,0,0,0,0,0,0
biiiIMOooO:0,0,0,0,0,0,0,0,0,1,1,1,0,0,1,1,1,1,1,1
biiiIMOooo:0,0,0,0,0,0,0,0,0,1,1,1,0,0,0,0,0,0,0,0
biiiIMoOOO:0,0,0,0,0,0,0,0,0,1,1,0,1,1,1,1,1,1,1,1
biiiIMoOOo:0,0,0,0,0,0,0,0,0,1,1,0,1,1,0,0,0,0,0,0
biiiIMoOoO:0,0,0,0,0,0,0,0,0,1,1,0,1,0,1,1,1,1,1,1
biiiIMoOoo:0,0,0,0,0,0,0,0,0,1,1,0,1,0,0,0,0,0,0,0
biiiIMooOO:0,0,0,0,0,0,0,0,0,1,1,0,0,1,1,1,1,1,1,1
biiiIMooOo:0,0,0,0,0,0,0,0,0,1,1,0,0,1,0,0,0,0,0,0
biiiIMoooO:0,0,0,0,0,0,0,0,0,1,1,0,0,0,1,1,1,1,1,1
biiiIMoooo:0,0,0,0,0,0,0,0,0,1,1,0,0,0,0,0,0,0,0,0
biiiImOOOO:0,0,0,0,0,0,0,0,0,1,0,1,1,1,1,1,1,1,1,1
biiiImOOOo:0,0,0,0,0,0,0,0,0,1,0,1,1,1,0,0,0,0,0,0
biiiImOOoO:0,0,0,0,0,0,0,0,0,1,0,1,1,0,1,1,1,1,1,1
biiiImOOoo:0,0,0,0,0,0,0,0,0,1,0,1,1,0,0,0,0,0,0,0
biiiImOoOO:0,0,0,0,0,0,0,0,0,1,0,1,0,1,1,1,1,1,1,1
biiiImOoOo:0,0,0,0,0,0,0,0,0,1,0,1,0,1,0,0,0,0,0,0
biiiImOooO:0,0,0,0,0,0,0,0,0,1,0,1,0,0,1,1,1,1,1,1
biiiImOooo:0,0,0,0,0,0,0,0,0,1,0,1,0,0,0,0,0,0,0,0
biiiImoOOO:0,0,0,0,0,0,0,0,0,1,0,0,1,1,1,1,1,1,1,1
biiiImoOOo:0,0,0,0,0,0,0,0,0,1,0,0,1,1,0,0,0,0,0,0
biiiImoOoO:0,0,0,0,0,0,0,0,0,1,0,0,1,0,1,1,1,1,1,1
biiiImoOoo:0,0,0,0,0,0,0,0,0,1,0,0,1,0,0,0,0,0,0,0
biiiImooOO:0,0,0,0,0,0,0,0,0,1,0,0,0,1,1,1,1,1,1,1
biiiImooOo:0,0,0,0,0,0,0,0,0,1,0,0,0,1,0,0,0,0,0,0
biiiImoooO:0,0,0,0,0,0,0,0,0,1,0,0,0,0,1,1,1,1,1,1
biiiImoooo:0,0,0,0,0,0,0,0,0,1,0,0,0,0,0,0,0,0,0,0
biiiiMOOOO:0,0,0,0,0,0,0,0,0,0,1,1,1,1,1,1,1,1,1,1
biiiiMOOOo:0,0,0,0,0,0,0,0,0,0,1,1,1,1,0,0,0,0,0,0
biiiiMOOoO:0,0,0,0,0,0,0,0,0,0,1,1,1,0,1,1,1,1,1,1
biiiiMOOoo:0,0,0,0,0,0,0,0,0,0,1,1,1,0,0,0,0,0,0,0
biiiiMOoOO:0,0,0,0,0,0,0,0,0,0,1,1,0,1,1,1,1,1,1,1
biiiiMOoOo:0,0,0,0,0,0,0,0,0,0,1,1,0,1,0,0,0,0,0,0
biiiiMOooO:0,0,0,0,0,0,0,0,0,0,1,1,0,0,1,1,1,1,1,1
biiiiMOooo:0,0,0,0,0,0,0,0,0,0,1,1,0,0,0,0,0,0,0,0
biiiiMoOOO:0,0,0,0,0,0,0,0,0,0,1,0,1,1,1,1,1,1,1,1
biiiiMoOOo:0,0,0,0,0,0,0,0,0,0,1,0,1,1,0,0,0,0,0,0
biiiiMoOoO:0,0,0,0,0,0,0,0,0,0,1,0,1,0,1,1,1,1,1,1
biiiiMoOoo:0,0,0,0,0,0,0,0,0,0,1,0,1,0,0,0,0,0,0,0
biiiiMooOO:0,0,0,0,0,0,0,0,0,0,1,0,0,1,1,1,1,1,1,1
biiiiMooOo:0,0,0,0,0,0,0,0,0,0,1,0,0,1,0,0,0,0,0,0
biiiiMoooO:0,0,0,0,0,0,0,0,0,0,1,0,0,0,1,1,1,1,1,1
biiiiMoooo:0,0,0,0,0,0,0,0,0,0,1,0,0,0,0,0,0,0,0,0
biiiimOOOO:0,0,0,0,0,0,0,0,0,0,0,1,1,1,1,1,1,1,1,1
biiiimOOOo:0,0,0,0,0,0,0,0,0,0,0,1,1,1,0,0,0,0,0,0
biiiimOOoO:0,0,0,0,0,0,0,0,0,0,0,1,1,0,1,1,1,1,1,1
biiiimOOoo:0,0,0,0,0,0,0,0,0,0,0,1,1,0,0,0,0,0,0,0
biiiimOoOO:0,0,0,0,0,0,0,0,0,0,0,1,0,1,1,1,1,1,1,1
biiiimOoOo:0,0,0,0,0,0,0,0,0,0,0,1,0,1,0,0,0,0,0,0
biiiimOooO:0,0,0,0,0,0,0,0,0,0,0,1,0,0,1,1,1,1,1,1
biiiimOooo:0,0,0,0,0,0,0,0,0,0,0,1,0,0,0,0,0,0,0,0
biiiimoOOO:0,0,0,0,0,0,0,0,0,0,0,0,1,1,1,1,1,1,1,1
biiiimoOOo:0,0,0,0,0,0,0,0,0,0,0,0,1,1,0,0,0,0,0,0
biiiimoOoO:0,0,0,0,0,0,0,0,0,0,0,0,1,0,1,1,1,1,1,1
biiiimoOoo:0,0,0,0,0,0,0,0,0,0,0,0,1,0,0,0,0,0,0,0
biiiimooOO:0,0,0,0,0,0,0,0,0,0,0,0,0,1,1,1,1,1,1,1
biiiimooOo:0,0,0,0,0,0,0,0,0,0,0,0,0,1,0,0,0,0,0,0
biiiimoooO:0,0,0,0,0,0,0,0,0,0,0,0,0,0,1,1,1,1,1,1
biiiimoooo:0,0,0,0,0,0,0,0,0,0,0,0,0,0,0,0,0,0,0,0
