# BIMO Table
xBIMO:1,1,1,1,1,1,1,1,1,1,1,1,1,1,1,1,1,1,1,1
xBIMo:1,1,1,1,1,1,1,1,1,1,1,0,0,0,0,0,0,0,0,0
xBImO:1,1,1,1,1,1,1,1,1,1,0,1,1,1,1,1,1,1,1,1
xBImo:1,1,1,1,1,1,1,1,1,1,0,0,0,0,0,0,0,0,0,0
xBiMO:1,0,0,0,0,0,0,0,0,0,1,1,1,1,1,1,1,1,1,1
xBiMo:1,0,0,0,0,0,0,0,0,0,1,0,0,0,0,0,0,0,0,0
xBimO:1,0,0,0,0,0,0,0,0,0,0,1,1,1,1,1,1,1,1,1
xBimo:1,0,0,0,0,0,0,0,0,0,0,0,0,0,0,0,0,0,0,0
xbIMO:0,1,1,1,1,1,1,1,1,1,1,1,1,1,1,1,1,1,1,1
xbIMo:0,1,1,1,1,1,1,1,1,1,1,0,0,0,0,0,0,0,0,0
xbImO:0,1,1,1,1,1,1,1,1,1,0,1,1,1,1,1,1,1,1,1
xbImo:0,1,1,1,1,1,1,1,1,1,0,0,0,0,0,0,0,0,0,0
xbiMO:0,0,0,0,0,0,0,0,0,0,1,1,1,1,1,1,1,1,1,1
xbiMo:0,0,0,0,0,0,0,0,0,0,1,0,0,0,0,0,0,0,0,0
xbimO:0,0,0,0,0,0,0,0,0,0,0,1,1,1,1,1,1,1,1,1
xbimo:0,0,0,0,0,0,0,0,0,0,0,0,0,0,0,0,0,0,0,0

# BIIMOO Table
xBIIMOO:1,1,1,1,1,1,1,1,1,1,1,1,1,1,1,1,1,1,1,1
xBIIMOo:1,1,1,1,1,1,1,1,1,1,1,1,1,0,0,0,0,0,0,0
xBIIMoO:1,1,1,1,1,1,1,1,1,1,1,0,0,1,1,1,1,1,1,1
xBIIMoo:1,1,1,1,1,1,1,1,1,1,1,0,0,0,0,0,0,0,0,0
xBIImOO:1,1,1,1,1,1,1,1,1,1,0,1,1,1,1,1,1,1,1,1
xBIImOo:1,1,1,1,1,1,1,1,1,1,0,1,1,0,0,0,0,0,0,0
xBIImoO:1,1,1,1,1,1,1,1,1,1,0,0,0,1,1,1,1,1,1,1
xBIImoo:1,1,1,1,1,1,1,1,1,1,0,0,0,0,0,0,0,0,0,0
xBIiMOO:1,1,1,1,1,1,1,1,1,0,1,1,1,1,1,1,1,1,1,1
xBIiMOo:1,1,1,1,1,1,1,1,1,0,1,1,1,0,0,0,0,0,0,0
xBIiMoO:1,1,1,1,1,1,1,1,1,0,1,0,0,1,1,1,1,1,1,1
xBIiMoo:1,1,1,1,1,1,1,1,1,0,1,0,0,0,0,0,0,0,0,0
xBIimOO:1,1,1,1,1,1,1,1,1,0,0,1,1,1,1,1,1,1,1,1
xBIimOo:1,1,1,1,1,1,1,1,1,0,0,1,1,0,0,0,0,0,0,0
xBIimoO:1,1,1,1,1,1,1,1,1,0,0,0,0,1,1,1,1,1,1,1
xBIimoo:1,1,1,1,1,1,1,1,1,0,0,0,0,0,0,0,0,0,0,0
xBiIMOO:1,0,0,0,0,0,0,0,0,1,1,1,1,1,1,1,1,1,1,1
xBiIMOo:1,0,0,0,0,0,0,0,0,1,1,1,1,0,0,0,0,0,0,0
xBiIMoO:1,0,0,0,0,0,0,0,0,1,1,0,0,1,1,1,1,1,1,1
xBiIMoo:1,0,0,0,0,0,0,0,0,1,1,0,0,0,0,0,0,0,0,0
xBiImOO:1,0,0,0,0,0,0,0,0,1,0,1,1,1,1,1,1,1,1,1
xBiImOo:1,0,0,0,0,0,0,0,0,1,0,1,1,0,0,0,0,0,0,0
xBiImoO:1,0,0,0,0,0,0,0,0,1,0,0,0,1,1,1,1,1,1,1
xBiImoo:1,0,0,0,0,0,0,0,0,1,0,0,0,0,0,0,0,0,0,0
xBiiMOO:1,0,0,0,0,0,0,0,0,0,1,1,1,1,1,1,1,1,1,1
xBiiMOo:1,0,0,0,0,0,0,0,0,0,1,1,1,0,0,0,0,0,0,0
xBiiMoO:1,0,0,0,0,0,0,0,0,0,1,0,0,1,1,1,1,1,1,1
xBiiMoo:1,0,0,0,0,0,0,0,0,0,1,0,0,0,0,0,0,0,0,0
xBiimOO:1,0,0,0,0,0,0,0,0,0,0,1,1,1,1,1,1,1,1,1
xBiimOo:1,0,0,0,0,0,0,0,0,0,0,1,1,0,0,0,0,0,0,0
xBiimoO:1,0,0,0,0,0,0,0,0,0,0,0,0,1,1,1,1,1,1,1
xBiimoo:1,0,0,0,0,0,0,0,0,0,0,0,0,0,0,0,0,0,0,0
xbIIMOO:0,1,1,1,1,1,1,1,1,1,1,1,1,1,1,1,1,1,1,1
xbIIMOo:0,1,1,1,1,1,1,1,1,1,1,1,1,0,0,0,0,0,0,0
xbIIMoO:0,1,1,1,1,1,1,1,1,1,1,0,0,1,1,1,1,1,1,1
xbIIMoo:0,1,1,1,1,1,1,1,1,1,1,0,0,0,0,0,0,0,0,0
xbIImOO:0,1,1,1,1,1,1,1,1,1,0,1,1,1,1,1,1,1,1,1
xbIImOo:0,1,1,1,1,1,1,1,1,1,0,1,1,0,0,0,0,0,0,0
xbIImoO:0,1,1,1,1,1,1,1,1,1,0,0,0,1,1,1,1,1,1,1
xbIImoo:0,1,1,1,1,1,1,1,1,1,0,0,0,0,0,0,0,0,0,0
xbIiMOO:0,1,1,1,1,1,1,1,1,0,1,1,1,1,1,1,1,1,1,1
xbIiMOo:0,1,1,1,1,1,1,1,1,0,1,1,1,0,0,0,0,0,0,0
xbIiMoO:0,1,1,1,1,1,1,1,1,0,1,0,0,1,1,1,1,1,1,1
xbIiMoo:0,1,1,1,1,1,1,1,1,0,1,0,0,0,0,0,0,0,0,0
xbIimOO:0,1,1,1,1,1,1,1,1,0,0,1,1,1,1,1,1,1,1,1
xbIimOo:0,1,1,1,1,1,1,1,1,0,0,1,1,0,0,0,0,0,0,0
xbIimoO:0,1,1,1,1,1,1,1,1,0,0,0,0,1,1,1,1,1,1,1
xbIimoo:0,1,1,1,1,1,1,1,1,0,0,0,0,0,0,0,0,0,0,0
xbiIMOO:0,0,0,0,0,0,0,0,0,1,1,1,1,1,1,1,1,1,1,1
xbiIMOo:0,0,0,0,0,0,0,0,0,1,1,1,1,0,0,0,0,0,0,0
xbiIMoO:0,0,0,0,0,0,0,0,0,1,1,0,0,1,1,1,1,1,1,1
xbiIMoo:0,0,0,0,0,0,0,0,0,1,1,0,0,0,0,0,0,0,0,0
xbiImOO:0,0,0,0,0,0,0,0,0,1,0,1,1,1,1,1,1,1,1,1
xbiImOo:0,0,0,0,0,0,0,0,0,1,0,1,1,0,0,0,0,0,0,0
xbiImoO:0,0,0,0,0,0,0,0,0,1,0,0,0,1,1,1,1,1,1,1
xbiImoo:0,0,0,0,0,0,0,0,0,1,0,0,0,0,0,0,0,0,0,0
xbiiMOO:0,0,0,0,0,0,0,0,0,0,1,1,1,1,1,1,1,1,1,1
xbiiMOo:0,0,0,0,0,0,0,0,0,0,1,1,1,0,0,0,0,0,0,0
xbiiMoO:0,0,0,0,0,0,0,0,0,0,1,0,0,1,1,1,1,1,1,1
xbiiMoo:0,0,0,0,0,0,0,0,0,0,1,0,0,0,0,0,0,0,0,0
xbiimOO:0,0,0,0,0,0,0,0,0,0,0,1,1,1,1,1,1,1,1,1
xbiimOo:0,0,0,0,0,0,0,0,0,0,0,1,1,0,0,0,0,0,0,0
xbiimoO:0,0,0,0,0,0,0,0,0,0,0,0,0,1,1,1,1,1,1,1
xbiimoo:0,0,0,0,0,0,0,0,0,0,0,0,0,0,0,0,0,0,0,0

# BIIIMOOO Table
xBIIIMOOO:1,1,1,1,1,1,1,1,1,1,1,1,1,1,1,1,1,1,1,1
xBIIIMOOo:1,1,1,1,1,1,1,1,1,1,1,1,1,0,0,0,0,0,0,0
xBIIIMOoO:1,1,1,1,1,1,1,1,1,1,1,1,0,1,1,1,1,1,1,1
xBIIIMOoo:1,1,1,1,1,1,1,1,1,1,1,1,0,0,0,0,0,0,0,0
xBIIIMoOO:1,1,1,1,1,1,1,1,1,1,1,0,1,1,1,1,1,1,1,1
xBIIIMoOo:1,1,1,1,1,1,1,1,1,1,1,0,1,0,0,0,0,0,0,0
xBIIIMooO:1,1,1,1,1,1,1,1,1,1,1,0,0,1,1,1,1,1,1,1
xBIIIMooo:1,1,1,1,1,1,1,1,1,1,1,0,0,0,0,0,0,0,0,0
xBIIImOOO:1,1,1,1,1,1,1,1,1,1,0,1,1,1,1,1,1,1,1,1
xBIIImOOo:1,1,1,1,1,1,1,1,1,1,0,1,1,0,0,0,0,0,0,0
xBIIImOoO:1,1,1,1,1,1,1,1,1,1,0,1,0,1,1,1,1,1,1,1
xBIIImOoo:1,1,1,1,1,1,1,1,1,1,0,1,0,0,0,0,0,0,0,0
xBIIImoOO:1,1,1,1,1,1,1,1,1,1,0,0,1,1,1,1,1,1,1,1
xBIIImoOo:1,1,1,1,1,1,1,1,1,1,0,0,1,0,0,0,0,0,0,0
xBIIImooO:1,1,1,1,1,1,1,1,1,1,0,0,0,1,1,1,1,1,1,1
xBIIImooo:1,1,1,1,1,1,1,1,1,1,0,0,0,0,0,0,0,0,0,0
xBIIiMOOO:1,1,1,1,1,1,1,1,1,0,1,1,1,1,1,1,1,1,1,1
xBIIiMOOo:1,1,1,1,1,1,1,1,1,0,1,1,1,0,0,0,0,0,0,0
xBIIiMOoO:1,1,1,1,1,1,1,1,1,0,1,1,0,1,1,1,1,1,1,1
xBIIiMOoo:1,1,1,1,1,1,1,1,1,0,1,1,0,0,0,0,0,0,0,0
xBIIiMoOO:1,1,1,1,1,1,1,1,1,0,1,0,1,1,1,1,1,1,1,1
xBIIiMoOo:1,1,1,1,1,1,1,1,1,0,1,0,1,0,0,0,0,0,0,0
xBIIiMooO:1,1,1,1,1,1,1,1,1,0,1,0,0,1,1,1,1,1,1,1
xBIIiMooo:1,1,1,1,1,1,1,1,1,0,1,0,0,0,0,0,0,0,0,0
xBIIimOOO:1,1,1,1,1,1,1,1,1,0,0,1,1,1,1,1,1,1,1,1
xBIIimOOo:1,1,1,1,1,1,1,1,1,0,0,1,1,0,0,0,0,0,0,0
xBIIimOoO:1,1,1,1,1,1,1,1,1,0,0,1,0,1,1,1,1,1,1,1
xBIIimOoo:1,1,1,1,1,1,1,1,1,0,0,1,0,0,0,0,0,0,0,0
xBIIimoOO:1,1,1,1,1,1,1,1,1,0,0,0,1,1,1,1,1,1,1,1
xBIIimoOo:1,1,1,1,1,1,1,1,1,0,0,0,1,0,0,0,0,0,0,0
xBIIimooO:1,1,1,1,1,1,1,1,1,0,0,0,0,1,1,1,1,1,1,1
xBIIimooo:1,1,1,1,1,1,1,1,1,0,0,0,0,0,0,0,0,0,0,0
xBIiIMOOO:1,1,1,1,1,1,1,1,0,1,1,1,1,1,1,1,1,1,1,1
xBIiIMOOo:1,1,1,1,1,1,1,1,0,1,1,1,1,0,0,0,0,0,0,0
xBIiIMOoO:1,1,1,1,1,1,1,1,0,1,1,1,0,1,1,1,1,1,1,1
xBIiIMOoo:1,1,1,1,1,1,1,1,0,1,1,1,0,0,0,0,0,0,0,0
xBIiIMoOO:1,1,1,1,1,1,1,1,0,1,1,0,1,1,1,1,1,1,1,1
xBIiIMoOo:1,1,1,1,1,1,1,1,0,1,1,0,1,0,0,0,0,0,0,0
xBIiIMooO:1,1,1,1,1,1,1,1,0,1,1,0,0,1,1,1,1,1,1,1
xBIiIMooo:1,1,1,1,1,1,1,1,0,1,1,0,0,0,0,0,0,0,0,0
xBIiImOOO:1,1,1,1,1,1,1,1,0,1,0,1,1,1,1,1,1,1,1,1
xBIiImOOo:1,1,1,1,1,1,1,1,0,1,0,1,1,0,0,0,0,0,0,0
xBIiImOoO:1,1,1,1,1,1,1,1,0,1,0,1,0,1,1,1,1,1,1,1
xBIiImOoo:1,1,1,1,1,1,1,1,0,1,0,1,0,0,0,0,0,0,0,0
xBIiImoOO:1,1,1,1,1,1,1,1,0,1,0,0,1,1,1,1,1,1,1,1
xBIiImoOo:1,1,1,1,1,1,1,1,0,1,0,0,1,0,0,0,0,0,0,0
xBIiImooO:1,1,1,1,1,1,1,1,0,1,0,0,0,1,1,1,1,1,1,1
xBIiImooo:1,1,1,1,1,1,1,1,0,1,0,0,0,0,0,0,0,0,0,0
xBIiiMOOO:1,1,1,1,1,1,1,1,0,0,1,1,1,1,1,1,1,1,1,1
xBIiiMOOo:1,1,1,1,1,1,1,1,0,0,1,1,1,0,0,0,0,0,0,0
xBIiiMOoO:1,1,1,1,1,1,1,1,0,0,1,1,0,1,1,1,1,1,1,1
xBIiiMOoo:1,1,1,1,1,1,1,1,0,0,1,1,0,0,0,0,0,0,0,0
xBIiiMoOO:1,1,1,1,1,1,1,1,0,0,1,0,1,1,1,1,1,1,1,1
xBIiiMoOo:1,1,1,1,1,1,1,1,0,0,1,0,1,0,0,0,0,0,0,0
xBIiiMooO:1,1,1,1,1,1,1,1,0,0,1,0,0,1,1,1,1,1,1,1
xBIiiMooo:1,1,1,1,1,1,1,1,0,0,1,0,0,0,0,0,0,0,0,0
xBIiimOOO:1,1,1,1,1,1,1,1,0,0,0,1,1,1,1,1,1,1,1,1
xBIiimOOo:1,1,1,1,1,1,1,1,0,0,0,1,1,0,0,0,0,0,0,0
xBIiimOoO:1,1,1,1,1,1,1,1,0,0,0,1,0,1,1,1,1,1,1,1
xBIiimOoo:1,1,1,1,1,1,1,1,0,0,0,1,0,0,0,0,0,0,0,0
xBIiimoOO:1,1,1,1,1,1,1,1,0,0,0,0,1,1,1,1,1,1,1,1
xBIiimoOo:1,1,1,1,1,1,1,1,0,0,0,0,1,0,0,0,0,0,0,0
xBIiimooO:1,1,1,1,1,1,1,1,0,0,0,0,0,1,1,1,1,1,1,1
xBIiimooo:1,1,1,1,1,1,1,1,0,0,0,0,0,0,0,0,0,0,0,0
xBiIIMOOO:1,0,0,0,0,0,0,0,1,1,1,1,1,1,1,1,1,1,1,1
xBiIIMOOo:1,0,0,0,0,0,0,0,1,1,1,1,1,0,0,0,0,0,0,0
xBiIIMOoO:1,0,0,0,0,0,0,0,1,1,1,1,0,1,1,1,1,1,1,1
xBiIIMOoo:1,0,0,0,0,0,0,0,1,1,1,1,0,0,0,0,0,0,0,0
xBiIIMoOO:1,0,0,0,0,0,0,0,1,1,1,0,1,1,1,1,1,1,1,1
xBiIIMoOo:1,0,0,0,0,0,0,0,1,1,1,0,1,0,0,0,0,0,0,0
xBiIIMooO:1,0,0,0,0,0,0,0,1,1,1,0,0,1,1,1,1,1,1,1
xBiIIMooo:1,0,0,0,0,0,0,0,1,1,1,0,0,0,0,0,0,0,0,0
xBiIImOOO:1,0,0,0,0,0,0,0,1,1,0,1,1,1,1,1,1,1,1,1
xBiIImOOo:1,0,0,0,0,0,0,0,1,1,0,1,1,0,0,0,0,0,0,0
xBiIImOoO:1,0,0,0,0,0,0,0,1,1,0,1,0,1,1,1,1,1,1,1
xBiIImOoo:1,0,0,0,0,0,0,0,1,1,0,1,0,0,0,0,0,0,0,0
xBiIImoOO:1,0,0,0,0,0,0,0,1,1,0,0,1,1,1,1,1,1,1,1
xBiIImoOo:1,0,0,0,0,0,0,0,1,1,0,0,1,0,0,0,0,0,0,0
xBiIImooO:1,0,0,0,0,0,0,0,1,1,0,0,0,1,1,1,1,1,1,1
xBiIImooo:1,0,0,0,0,0,0,0,1,1,0,0,0,0,0,0,0,0,0,0
xBiIiMOOO:1,0,0,0,0,0,0,0,1,0,1,1,1,1,1,1,1,1,1,1
xBiIiMOOo:1,0,0,0,0,0,0,0,1,0,1,1,1,0,0,0,0,0,0,0
xBiIiMOoO:1,0,0,0,0,0,0,0,1,0,1,1,0,1,1,1,1,1,1,1
xBiIiMOoo:1,0,0,0,0,0,0,0,1,0,1,1,0,0,0,0,0,0,0,0
xBiIiMoOO:1,0,0,0,0,0,0,0,1,0,1,0,1,1,1,1,1,1,1,1
xBiIiMoOo:1,0,0,0,0,0,0,0,1,0,1,0,1,0,0,0,0,0,0,0
xBiIiMooO:1,0,0,0,0,0,0,0,1,0,1,0,0,1,1,1,1,1,1,1
xBiIiMooo:1,0,0,0,0,0,0,0,1,0,1,0,0,0,0,0,0,0,0,0
xBiIimOOO:1,0,0,0,0,0,0,0,1,0,0,1,1,1,1,1,1,1,1,1
xBiIimOOo:1,0,0,0,0,0,0,0,1,0,0,1,1,0,0,0,0,0,0,0
xBiIimOoO:1,0,0,0,0,0,0,0,1,0,0,1,0,1,1,1,1,1,1,1
xBiIimOoo:1,0,0,0,0,0,0,0,1,0,0,1,0,0,0,0,0,0,0,0
xBiIimoOO:1,0,0,0,0,0,0,0,1,0,0,0,1,1,1,1,1,1,1,1
xBiIimoOo:1,0,0,0,0,0,0,0,1,0,0,0,1,0,0,0,0,0,0,0
xBiIimooO:1,0,0,0,0,0,0,0,1,0,0,0,0,1,1,1,1,1,1,1
xBiIimooo:1,0,0,0,0,0,0,0,1,0,0,0,0,0,0,0,0,0,0,0
xBiiIMOOO:1,0,0,0,0,0,0,0,0,1,1,1,1,1,1,1,1,1,1,1
xBiiIMOOo:1,0,0,0,0,0,0,0,0,1,1,1,1,0,0,0,0,0,0,0
xBiiIMOoO:1,0,0,0,0,0,0,0,0,1,1,1,0,1,1,1,1,1,1,1
xBiiIMOoo:1,0,0,0,0,0,0,0,0,1,1,1,0,0,0,0,0,0,0,0
xBiiIMoOO:1,0,0,0,0,0,0,0,0,1,1,0,1,1,1,1,1,1,1,1
xBiiIMoOo:1,0,0,0,0,0,0,0,0,1,1,0,1,0,0,0,0,0,0,0
xBiiIMooO:1,0,0,0,0,0,0,0,0,1,1,0,0,1,1,1,1,1,1,1
xBiiIMooo:1,0,0,0,0,0,0,0,0,1,1,0,0,0,0,0,0,0,0,0
xBiiImOOO:1,0,0,0,0,0,0,0,0,1,0,1,1,1,1,1,1,1,1,1
xBiiImOOo:1,0,0,0,0,0,0,0,0,1,0,1,1,0,0,0,0,0,0,0
xBiiImOoO:1,0,0,0,0,0,0,0,0,1,0,1,0,1,1,1,1,1,1,1
xBiiImOoo:1,0,0,0,0,0,0,0,0,1,0,1,0,0,0,0,0,0,0,0
xBiiImoOO:1,0,0,0,0,0,0,0,0,1,0,0,1,1,1,1,1,1,1,1
xBiiImoOo:1,0,0,0,0,0,0,0,0,1,0,0,1,0,0,0,0,0,0,0
xBiiImooO:1,0,0,0,0,0,0,0,0,1,0,0,0,1,1,1,1,1,1,1
xBiiImooo:1,0,0,0,0,0,0,0,0,1,0,0,0,0,0,0,0,0,0,0
xBiiiMOOO:1,0,0,0,0,0,0,0,0,0,1,1,1,1,1,1,1,1,1,1
xBiiiMOOo:1,0,0,0,0,0,0,0,0,0,1,1,1,0,0,0,0,0,0,0
xBiiiMOoO:1,0,0,0,0,0,0,0,0,0,1,1,0,1,1,1,1,1,1,1
xBiiiMOoo:1,0,0,0,0,0,0,0,0,0,1,1,0,0,0,0,0,0,0,0
xBiiiMoOO:1,0,0,0,0,0,0,0,0,0,1,0,1,1,1,1,1,1,1,1
xBiiiMoOo:1,0,0,0,0,0,0,0,0,0,1,0,1,0,0,0,0,0,0,0
xBiiiMooO:1,0,0,0,0,0,0,0,0,0,1,0,0,1,1,1,1,1,1,1
xBiiiMooo:1,0,0,0,0,0,0,0,0,0,1,0,0,0,0,0,0,0,0,0
xBiiimOOO:1,0,0,0,0,0,0,0,0,0,0,1,1,1,1,1,1,1,1,1
xBiiimOOo:1,0,0,0,0,0,0,0,0,0,0,1,1,0,0,0,0,0,0,0
xBiiimOoO:1,0,0,0,0,0,0,0,0,0,0,1,0,1,1,1,1,1,1,1
xBiiimOoo:1,0,0,0,0,0,0,0,0,0,0,1,0,0,0,0,0,0,0,0
xBiiimoOO:1,0,0,0,0,0,0,0,0,0,0,0,1,1,1,1,1,1,1,1
xBiiimoOo:1,0,0,0,0,0,0,0,0,0,0,0,1,0,0,0,0,0,0,0
xBiiimooO:1,0,0,0,0,0,0,0,0,0,0,0,0,1,1,1,1,1,1,1
xBiiimooo:1,0,0,0,0,0,0,0,0,0,0,0,0,0,0,0,0,0,0,0
xbIIIMOOO:0,1,1,1,1,1,1,1,1,1,1,1,1,1,1,1,1,1,1,1
xbIIIMOOo:0,1,1,1,1,1,1,1,1,1,1,1,1,0,0,0,0,0,0,0
xbIIIMOoO:0,1,1,1,1,1,1,1,1,1,1,1,0,1,1,1,1,1,1,1
xbIIIMOoo:0,1,1,1,1,1,1,1,1,1,1,1,0,0,0,0,0,0,0,0
xbIIIMoOO:0,1,1,1,1,1,1,1,1,1,1,0,1,1,1,1,1,1,1,1
xbIIIMoOo:0,1,1,1,1,1,1,1,1,1,1,0,1,0,0,0,0,0,0,0
xbIIIMooO:0,1,1,1,1,1,1,1,1,1,1,0,0,1,1,1,1,1,1,1
xbIIIMooo:0,1,1,1,1,1,1,1,1,1,1,0,0,0,0,0,0,0,0,0
xbIIImOOO:0,1,1,1,1,1,1,1,1,1,0,1,1,1,1,1,1,1,1,1
xbIIImOOo:0,1,1,1,1,1,1,1,1,1,0,1,1,0,0,0,0,0,0,0
xbIIImOoO:0,1,1,1,1,1,1,1,1,1,0,1,0,1,1,1,1,1,1,1
xbIIImOoo:0,1,1,1,1,1,1,1,1,1,0,1,0,0,0,0,0,0,0,0
xbIIImoOO:0,1,1,1,1,1,1,1,1,1,0,0,1,1,1,1,1,1,1,1
xbIIImoOo:0,1,1,1,1,1,1,1,1,1,0,0,1,0,0,0,0,0,0,0
xbIIImooO:0,1,1,1,1,1,1,1,1,1,0,0,0,1,1,1,1,1,1,1
xbIIImooo:0,1,1,1,1,1,1,1,1,1,0,0,0,0,0,0,0,0,0,0
xbIIiMOOO:0,1,1,1,1,1,1,1,1,0,1,1,1,1,1,1,1,1,1,1
xbIIiMOOo:0,1,1,1,1,1,1,1,1,0,1,1,1,0,0,0,0,0,0,0
xbIIiMOoO:0,1,1,1,1,1,1,1,1,0,1,1,0,1,1,1,1,1,1,1
xbIIiMOoo:0,1,1,1,1,1,1,1,1,0,1,1,0,0,0,0,0,0,0,0
xbIIiMoOO:0,1,1,1,1,1,1,1,1,0,1,0,1,1,1,1,1,1,1,1
xbIIiMoOo:0,1,1,1,1,1,1,1,1,0,1,0,1,0,0,0,0,0,0,0
xbIIiMooO:0,1,1,1,1,1,1,1,1,0,1,0,0,1,1,1,1,1,1,1
xbIIiMooo:0,1,1,1,1,1,1,1,1,0,1,0,0,0,0,0,0,0,0,0
xbIIimOOO:0,1,1,1,1,1,1,1,1,0,0,1,1,1,1,1,1,1,1,1
xbIIimOOo:0,1,1,1,1,1,1,1,1,0,0,1,1,0,0,0,0,0,0,0
xbIIimOoO:0,1,1,1,1,1,1,1,1,0,0,1,0,1,1,1,1,1,1,1
xbIIimOoo:0,1,1,1,1,1,1,1,1,0,0,1,0,0,0,0,0,0,0,0
xbIIimoOO:0,1,1,1,1,1,1,1,1,0,0,0,1,1,1,1,1,1,1,1
xbIIimoOo:0,1,1,1,1,1,1,1,1,0,0,0,1,0,0,0,0,0,0,0
xbIIimooO:0,1,1,1,1,1,1,1,1,0,0,0,0,1,1,1,1,1,1,1
xbIIimooo:0,1,1,1,1,1,1,1,1,0,0,0,0,0,0,0,0,0,0,0
xbIiIMOOO:0,1,1,1,1,1,1,1,0,1,1,1,1,1,1,1,1,1,1,1
xbIiIMOOo:0,1,1,1,1,1,1,1,0,1,1,1,1,0,0,0,0,0,0,0
xbIiIMOoO:0,1,1,1,1,1,1,1,0,1,1,1,0,1,1,1,1,1,1,1
xbIiIMOoo:0,1,1,1,1,1,1,1,0,1,1,1,0,0,0,0,0,0,0,0
xbIiIMoOO:0,1,1,1,1,1,1,1,0,1,1,0,1,1,1,1,1,1,1,1
xbIiIMoOo:0,1,1,1,1,1,1,1,0,1,1,0,1,0,0,0,0,0,0,0
xbIiIMooO:0,1,1,1,1,1,1,1,0,1,1,0,0,1,1,1,1,1,1,1
xbIiIMooo:0,1,1,1,1,1,1,1,0,1,1,0,0,0,0,0,0,0,0,0
xbIiImOOO:0,1,1,1,1,1,1,1,0,1,0,1,1,1,1,1,1,1,1,1
xbIiImOOo:0,1,1,1,1,1,1,1,0,1,0,1,1,0,0,0,0,0,0,0
xbIiImOoO:0,1,1,1,1,1,1,1,0,1,0,1,0,1,1,1,1,1,1,1
xbIiImOoo:0,1,1,1,1,1,1,1,0,1,0,1,0,0,0,0,0,0,0,0
xbIiImoOO:0,1,1,1,1,1,1,1,0,1,0,0,1,1,1,1,1,1,1,1
xbIiImoOo:0,1,1,1,1,1,1,1,0,1,0,0,1,0,0,0,0,0,0,0
xbIiImooO:0,1,1,1,1,1,1,1,0,1,0,0,0,1,1,1,1,1,1,1
xbIiImooo:0,1,1,1,1,1,1,1,0,1,0,0,0,0,0,0,0,0,0,0
xbIiiMOOO:0,1,1,1,1,1,1,1,0,0,1,1,1,1,1,1,1,1,1,1
xbIiiMOOo:0,1,1,1,1,1,1,1,0,0,1,1,1,0,0,0,0,0,0,0
xbIiiMOoO:0,1,1,1,1,1,1,1,0,0,1,1,0,1,1,1,1,1,1,1
xbIiiMOoo:0,1,1,1,1,1,1,1,0,0,1,1,0,0,0,0,0,0,0,0
xbIiiMoOO:0,1,1,1,1,1,1,1,0,0,1,0,1,1,1,1,1,1,1,1
xbIiiMoOo:0,1,1,1,1,1,1,1,0,0,1,0,1,0,0,0,0,0,0,0
xbIiiMooO:0,1,1,1,1,1,1,1,0,0,1,0,0,1,1,1,1,1,1,1
xbIiiMooo:0,1,1,1,1,1,1,1,0,0,1,0,0,0,0,0,0,0,0,0
xbIiimOOO:0,1,1,1,1,1,1,1,0,0,0,1,1,1,1,1,1,1,1,1
xbIiimOOo:0,1,1,1,1,1,1,1,0,0,0,1,1,0,0,0,0,0,0,0
xbIiimOoO:0,1,1,1,1,1,1,1,0,0,0,1,0,1,1,1,1,1,1,1
xbIiimOoo:0,1,1,1,1,1,1,1,0,0,0,1,0,0,0,0,0,0,0,0
xbIiimoOO:0,1,1,1,1,1,1,1,0,0,0,0,1,1,1,1,1,1,1,1
xbIiimoOo:0,1,1,1,1,1,1,1,0,0,0,0,1,0,0,0,0,0,0,0
xbIiimooO:0,1,1,1,1,1,1,1,0,0,0,0,0,1,1,1,1,1,1,1
xbIiimooo:0,1,1,1,1,1,1,1,0,0,0,0,0,0,0,0,0,0,0,0
xbiIIMOOO:0,0,0,0,0,0,0,0,1,1,1,1,1,1,1,1,1,1,1,1
xbiIIMOOo:0,0,0,0,0,0,0,0,1,1,1,1,1,0,0,0,0,0,0,0
xbiIIMOoO:0,0,0,0,0,0,0,0,1,1,1,1,0,1,1,1,1,1,1,1
xbiIIMOoo:0,0,0,0,0,0,0,0,1,1,1,1,0,0,0,0,0,0,0,0
xbiIIMoOO:0,0,0,0,0,0,0,0,1,1,1,0,1,1,1,1,1,1,1,1
xbiIIMoOo:0,0,0,0,0,0,0,0,1,1,1,0,1,0,0,0,0,0,0,0
xbiIIMooO:0,0,0,0,0,0,0,0,1,1,1,0,0,1,1,1,1,1,1,1
xbiIIMooo:0,0,0,0,0,0,0,0,1,1,1,0,0,0,0,0,0,0,0,0
xbiIImOOO:0,0,0,0,0,0,0,0,1,1,0,1,1,1,1,1,1,1,1,1
xbiIImOOo:0,0,0,0,0,0,0,0,1,1,0,1,1,0,0,0,0,0,0,0
xbiIImOoO:0,0,0,0,0,0,0,0,1,1,0,1,0,1,1,1,1,1,1,1
xbiIImOoo:0,0,0,0,0,0,0,0,1,1,0,1,0,0,0,0,0,0,0,0
xbiIImoOO:0,0,0,0,0,0,0,0,1,1,0,0,1,1,1,1,1,1,1,1
xbiIImoOo:0,0,0,0,0,0,0,0,1,1,0,0,1,0,0,0,0,0,0,0
xbiIImooO:0,0,0,0,0,0,0,0,1,1,0,0,0,1,1,1,1,1,1,1
xbiIImooo:0,0,0,0,0,0,0,0,1,1,0,0,0,0,0,0,0,0,0,0
xbiIiMOOO:0,0,0,0,0,0,0,0,1,0,1,1,1,1,1,1,1,1,1,1
xbiIiMOOo:0,0,0,0,0,0,0,0,1,0,1,1,1,0,0,0,0,0,0,0
xbiIiMOoO:0,0,0,0,0,0,0,0,1,0,1,1,0,1,1,1,1,1,1,1
xbiIiMOoo:0,0,0,0,0,0,0,0,1,0,1,1,0,0,0,0,0,0,0,0
xbiIiMoOO:0,0,0,0,0,0,0,0,1,0,1,0,1,1,1,1,1,1,1,1
xbiIiMoOo:0,0,0,0,0,0,0,0,1,0,1,0,1,0,0,0,0,0,0,0
xbiIiMooO:0,0,0,0,0,0,0,0,1,0,1,0,0,1,1,1,1,1,1,1
xbiIiMooo:0,0,0,0,0,0,0,0,1,0,1,0,0,0,0,0,0,0,0,0
xbiIimOOO:0,0,0,0,0,0,0,0,1,0,0,1,1,1,1,1,1,1,1,1
xbiIimOOo:0,0,0,0,0,0,0,0,1,0,0,1,1,0,0,0,0,0,0,0
xbiIimOoO:0,0,0,0,0,0,0,0,1,0,0,1,0,1,1,1,1,1,1,1
xbiIimOoo:0,0,0,0,0,0,0,0,1,0,0,1,0,0,0,0,0,0,0,0
xbiIimoOO:0,0,0,0,0,0,0,0,1,0,0,0,1,1,1,1,1,1,1,1
xbiIimoOo:0,0,0,0,0,0,0,0,1,0,0,0,1,0,0,0,0,0,0,0
xbiIimooO:0,0,0,0,0,0,0,0,1,0,0,0,0,1,1,1,1,1,1,1
xbiIimooo:0,0,0,0,0,0,0,0,1,0,0,0,0,0,0,0,0,0,0,0
xbiiIMOOO:0,0,0,0,0,0,0,0,0,1,1,1,1,1,1,1,1,1,1,1
xbiiIMOOo:0,0,0,0,0,0,0,0,0,1,1,1,1,0,0,0,0,0,0,0
xbiiIMOoO:0,0,0,0,0,0,0,0,0,1,1,1,0,1,1,1,1,1,1,1
xbiiIMOoo:0,0,0,0,0,0,0,0,0,1,1,1,0,0,0,0,0,0,0,0
xbiiIMoOO:0,0,0,0,0,0,0,0,0,1,1,0,1,1,1,1,1,1,1,1
xbiiIMoOo:0,0,0,0,0,0,0,0,0,1,1,0,1,0,0,0,0,0,0,0
xbiiIMooO:0,0,0,0,0,0,0,0,0,1,1,0,0,1,1,1,1,1,1,1
xbiiIMooo:0,0,0,0,0,0,0,0,0,1,1,0,0,0,0,0,0,0,0,0
xbiiImOOO:0,0,0,0,0,0,0,0,0,1,0,1,1,1,1,1,1,1,1,1
xbiiImOOo:0,0,0,0,0,0,0,0,0,1,0,1,1,0,0,0,0,0,0,0
xbiiImOoO:0,0,0,0,0,0,0,0,0,1,0,1,0,1,1,1,1,1,1,1
xbiiImOoo:0,0,0,0,0,0,0,0,0,1,0,1,0,0,0,0,0,0,0,0
xbiiImoOO:0,0,0,0,0,0,0,0,0,1,0,0,1,1,1,1,1,1,1,1
xbiiImoOo:0,0,0,0,0,0,0,0,0,1,0,0,1,0,0,0,0,0,0,0
xbiiImooO:0,0,0,0,0,0,0,0,0,1,0,0,0,1,1,1,1,1,1,1
xbiiImooo:0,0,0,0,0,0,0,0,0,1,0,0,0,0,0,0,0,0,0,0
xbiiiMOOO:0,0,0,0,0,0,0,0,0,0,1,1,1,1,1,1,1,1,1,1
xbiiiMOOo:0,0,0,0,0,0,0,0,0,0,1,1,1,0,0,0,0,0,0,0
xbiiiMOoO:0,0,0,0,0,0,0,0,0,0,1,1,0,1,1,1,1,1,1,1
xbiiiMOoo:0,0,0,0,0,0,0,0,0,0,1,1,0,0,0,0,0,0,0,0
xbiiiMoOO:0,0,0,0,0,0,0,0,0,0,1,0,1,1,1,1,1,1,1,1
xbiiiMoOo:0,0,0,0,0,0,0,0,0,0,1,0,1,0,0,0,0,0,0,0
xbiiiMooO:0,0,0,0,0,0,0,0,0,0,1,0,0,1,1,1,1,1,1,1
xbiiiMooo:0,0,0,0,0,0,0,0,0,0,1,0,0,0,0,0,0,0,0,0
xbiiimOOO:0,0,0,0,0,0,0,0,0,0,0,1,1,1,1,1,1,1,1,1
xbiiimOOo:0,0,0,0,0,0,0,0,0,0,0,1,1,0,0,0,0,0,0,0
xbiiimOoO:0,0,0,0,0,0,0,0,0,0,0,1,0,1,1,1,1,1,1,1
xbiiimOoo:0,0,0,0,0,0,0,0,0,0,0,1,0,0,0,0,0,0,0,0
xbiiimoOO:0,0,0,0,0,0,0,0,0,0,0,0,1,1,1,1,1,1,1,1
xbiiimoOo:0,0,0,0,0,0,0,0,0,0,0,0,1,0,0,0,0,0,0,0
xbiiimooO:0,0,0,0,0,0,0,0,0,0,0,0,0,1,1,1,1,1,1,1
xbiiimooo:0,0,0,0,0,0,0,0,0,0,0,0,0,0,0,0,0,0,0,0

# BIIIIMOOOO Table
xBIIIIMOOOO:1,1,1,1,1,1,1,1,1,1,1,1,1,1,1,1,1,1,1,1
xBIIIIMOOOo:1,1,1,1,1,1,1,1,1,1,1,1,1,1,0,0,0,0,0,0
xBIIIIMOOoO:1,1,1,1,1,1,1,1,1,1,1,1,1,0,1,1,1,1,1,1
xBIIIIMOOoo:1,1,1,1,1,1,1,1,1,1,1,1,1,0,0,0,0,0,0,0
xBIIIIMOoOO:1,1,1,1,1,1,1,1,1,1,1,1,0,1,1,1,1,1,1,1
xBIIIIMOoOo:1,1,1,1,1,1,1,1,1,1,1,1,0,1,0,0,0,0,0,0
xBIIIIMOooO:1,1,1,1,1,1,1,1,1,1,1,1,0,0,1,1,1,1,1,1
xBIIIIMOooo:1,1,1,1,1,1,1,1,1,1,1,1,0,0,0,0,0,0,0,0
xBIIIIMoOOO:1,1,1,1,1,1,1,1,1,1,1,0,1,1,1,1,1,1,1,1
xBIIIIMoOOo:1,1,1,1,1,1,1,1,1,1,1,0,1,1,0,0,0,0,0,0
xBIIIIMoOoO:1,1,1,1,1,1,1,1,1,1,1,0,1,0,1,1,1,1,1,1
xBIIIIMoOoo:1,1,1,1,1,1,1,1,1,1,1,0,1,0,0,0,0,0,0,0
xBIIIIMooOO:1,1,1,1,1,1,1,1,1,1,1,0,0,1,1,1,1,1,1,1
xBIIIIMooOo:1,1,1,1,1,1,1,1,1,1,1,0,0,1,0,0,0,0,0,0
xBIIIIMoooO:1,1,1,1,1,1,1,1,1,1,1,0,0,0,1,1,1,1,1,1
xBIIIIMoooo:1,1,1,1,1,1,1,1,1,1,1,0,0,0,0,0,0,0,0,0
xBIIIImOOOO:1,1,1,1,1,1,1,1,1,1,0,1,1,1,1,1,1,1,1,1
xBIIIImOOOo:1,1,1,1,1,1,1,1,1,1,0,1,1,1,0,0,0,0,0,0
xBIIIImOOoO:1,1,1,1,1,1,1,1,1,1,0,1,1,0,1,1,1,1,1,1
xBIIIImOOoo:1,1,1,1,1,1,1,1,1,1,0,1,1,0,0,0,0,0,0,0
xBIIIImOoOO:1,1,1,1,1,1,1,1,1,1,0,1,0,1,1,1,1,1,1,1
xBIIIImOoOo:1,1,1,1,1,1,1,1,1,1,0,1,0,1,0,0,0,0,0,0
xBIIIImOooO:1,1,1,1,1,1,1,1,1,1,0,1,0,0,1,1,1,1,1,1
xBIIIImOooo:1,1,1,1,1,1,1,1,1,1,0,1,0,0,0,0,0,0,0,0
xBIIIImoOOO:1,1,1,1,1,1,1,1,1,1,0,0,1,1,1,1,1,1,1,1
xBIIIImoOOo:1,1,1,1,1,1,1,1,1,1,0,0,1,1,0,0,0,0,0,0
xBIIIImoOoO:1,1,1,1,1,1,1,1,1,1,0,0,1,0,1,1,1,1,1,1
xBIIIImoOoo:1,1,1,1,1,1,1,1,1,1,0,0,1,0,0,0,0,0,0,0
xBIIIImooOO:1,1,1,1,1,1,1,1,1,1,0,0,0,1,1,1,1,1,1,1
xBIIIImooOo:1,1,1,1,1,1,1,1,1,1,0,0,0,1,0,0,0,0,0,0
xBIIIImoooO:1,1,1,1,1,1,1,1,1,1,0,0,0,0,1,1,1,1,1,1
xBIIIImoooo:1,1,1,1,1,1,1,1,1,1,0,0,0,0,0,0,0,0,0,0
xBIIIiMOOOO:1,1,1,1,1,1,1,1,1,0,1,1,1,1,1,1,1,1,1,1
xBIIIiMOOOo:1,1,1,1,1,1,1,1,1,0,1,1,1,1,0,0,0,0,0,0
xBIIIiMOOoO:1,1,1,1,1,1,1,1,1,0,1,1,1,0,1,1,1,1,1,1
xBIIIiMOOoo:1,1,1,1,1,1,1,1,1,0,1,1,1,0,0,0,0,0,0,0
xBIIIiMOoOO:1,1,1,1,1,1,1,1,1,0,1,1,0,1,1,1,1,1,1,1
xBIIIiMOoOo:1,1,1,1,1,1,1,1,1,0,1,1,0,1,0,0,0,0,0,0
xBIIIiMOooO:1,1,1,1,1,1,1,1,1,0,1,1,0,0,1,1,1,1,1,1
xBIIIiMOooo:1,1,1,1,1,1,1,1,1,0,1,1,0,0,0,0,0,0,0,0
xBIIIiMoOOO:1,1,1,1,1,1,1,1,1,0,1,0,1,1,1,1,1,1,1,1
xBIIIiMoOOo:1,1,1,1,1,1,1,1,1,0,1,0,1,1,0,0,0,0,0,0
xBIIIiMoOoO:1,1,1,1,1,1,1,1,1,0,1,0,1,0,1,1,1,1,1,1
xBIIIiMoOoo:1,1,1,1,1,1,1,1,1,0,1,0,1,0,0,0,0,0,0,0
xBIIIiMooOO:1,1,1,1,1,1,1,1,1,0,1,0,0,1,1,1,1,1,1,1
xBIIIiMooOo:1,1,1,1,1,1,1,1,1,0,1,0,0,1,0,0,0,0,0,0
xBIIIiMoooO:1,1,1,1,1,1,1,1,1,0,1,0,0,0,1,1,1,1,1,1
xBIIIiMoooo:1,1,1,1,1,1,1,1,1,0,1,0,0,0,0,0,0,0,0,0
xBIIIimOOOO:1,1,1,1,1,1,1,1,1,0,0,1,1,1,1,1,1,1,1,1
xBIIIimOOOo:1,1,1,1,1,1,1,1,1,0,0,1,1,1,0,0,0,0,0,0
xBIIIimOOoO:1,1,1,1,1,1,1,1,1,0,0,1,1,0,1,1,1,1,1,1
xBIIIimOOoo:1,1,1,1,1,1,1,1,1,0,0,1,1,0,0,0,0,0,0,0
xBIIIimOoOO:1,1,1,1,1,1,1,1,1,0,0,1,0,1,1,1,1,1,1,1
xBIIIimOoOo:1,1,1,1,1,1,1,1,1,0,0,1,0,1,0,0,0,0,0,0
xBIIIimOooO:1,1,1,1,1,1,1,1,1,0,0,1,0,0,1,1,1,1,1,1
xBIIIimOooo:1,1,1,1,1,1,1,1,1,0,0,1,0,0,0,0,0,0,0,0
xBIIIimoOOO:1,1,1,1,1,1,1,1,1,0,0,0,1,1,1,1,1,1,1,1
xBIIIimoOOo:1,1,1,1,1,1,1,1,1,0,0,0,1,1,0,0,0,0,0,0
xBIIIimoOoO:1,1,1,1,1,1,1,1,1,0,0,0,1,0,1,1,1,1,1,1
xBIIIimoOoo:1,1,1,1,1,1,1,1,1,0,0,0,1,0,0,0,0,0,0,0
xBIIIimooOO:1,1,1,1,1,1,1,1,1,0,0,0,0,1,1,1,1,1,1,1
xBIIIimooOo:1,1,1,1,1,1,1,1,1,0,0,0,0,1,0,0,0,0,0,0
xBIIIimoooO:1,1,1,1,1,1,1,1,1,0,0,0,0,0,1,1,1,1,1,1
xBIIIimoooo:1,1,1,1,1,1,1,1,1,0,0,0,0,0,0,0,0,0,0,0
xBIIiIMOOOO:1,1,1,1,1,1,1,1,0,1,1,1,1,1,1,1,1,1,1,1
xBIIiIMOOOo:1,1,1,1,1,1,1,1,0,1,1,1,1,1,0,0,0,0,0,0
xBIIiIMOOoO:1,1,1,1,1,1,1,1,0,1,1,1,1,0,1,1,1,1,1,1
xBIIiIMOOoo:1,1,1,1,1,1,1,1,0,1,1,1,1,0,0,0,0,0,0,0
xBIIiIMOoOO:1,1,1,1,1,1,1,1,0,1,1,1,0,1,1,1,1,1,1,1
xBIIiIMOoOo:1,1,1,1,1,1,1,1,0,1,1,1,0,1,0,0,0,0,0,0
xBIIiIMOooO:1,1,1,1,1,1,1,1,0,1,1,1,0,0,1,1,1,1,1,1
xBIIiIMOooo:1,1,1,1,1,1,1,1,0,1,1,1,0,0,0,0,0,0,0,0
xBIIiIMoOOO:1,1,1,1,1,1,1,1,0,1,1,0,1,1,1,1,1,1,1,1
xBIIiIMoOOo:1,1,1,1,1,1,1,1,0,1,1,0,1,1,0,0,0,0,0,0
xBIIiIMoOoO:1,1,1,1,1,1,1,1,0,1,1,0,1,0,1,1,1,1,1,1
xBIIiIMoOoo:1,1,1,1,1,1,1,1,0,1,1,0,1,0,0,0,0,0,0,0
xBIIiIMooOO:1,1,1,1,1,1,1,1,0,1,1,0,0,1,1,1,1,1,1,1
xBIIiIMooOo:1,1,1,1,1,1,1,1,0,1,1,0,0,1,0,0,0,0,0,0
xBIIiIMoooO:1,1,1,1,1,1,1,1,0,1,1,0,0,0,1,1,1,1,1,1
xBIIiIMoooo:1,1,1,1,1,1,1,1,0,1,1,0,0,0,0,0,0,0,0,0
xBIIiImOOOO:1,1,1,1,1,1,1,1,0,1,0,1,1,1,1,1,1,1,1,1
xBIIiImOOOo:1,1,1,1,1,1,1,1,0,1,0,1,1,1,0,0,0,0,0,0
xBIIiImOOoO:1,1,1,1,1,1,1,1,0,1,0,1,1,0,1,1,1,1,1,1
xBIIiImOOoo:1,1,1,1,1,1,1,1,0,1,0,1,1,0,0,0,0,0,0,0
xBIIiImOoOO:1,1,1,1,1,1,1,1,0,1,0,1,0,1,1,1,1,1,1,1
xBIIiImOoOo:1,1,1,1,1,1,1,1,0,1,0,1,0,1,0,0,0,0,0,0
xBIIiImOooO:1,1,1,1,1,1,1,1,0,1,0,1,0,0,1,1,1,1,1,1
xBIIiImOooo:1,1,1,1,1,1,1,1,0,1,0,1,0,0,0,0,0,0,0,0
xBIIiImoOOO:1,1,1,1,1,1,1,1,0,1,0,0,1,1,1,1,1,1,1,1
xBIIiImoOOo:1,1,1,1,1,1,1,1,0,1,0,0,1,1,0,0,0,0,0,0
xBIIiImoOoO:1,1,1,1,1,1,1,1,0,1,0,0,1,0,1,1,1,1,1,1
xBIIiImoOoo:1,1,1,1,1,1,1,1,0,1,0,0,1,0,0,0,0,0,0,0
xBIIiImooOO:1,1,1,1,1,1,1,1,0,1,0,0,0,1,1,1,1,1,1,1
xBIIiImooOo:1,1,1,1,1,1,1,1,0,1,0,0,0,1,0,0,0,0,0,0
xBIIiImoooO:1,1,1,1,1,1,1,1,0,1,0,0,0,0,1,1,1,1,1,1
xBIIiImoooo:1,1,1,1,1,1,1,1,0,1,0,0,0,0,0,0,0,0,0,0
xBIIiiMOOOO:1,1,1,1,1,1,1,1,0,0,1,1,1,1,1,1,1,1,1,1
xBIIiiMOOOo:1,1,1,1,1,1,1,1,0,0,1,1,1,1,0,0,0,0,0,0
xBIIiiMOOoO:1,1,1,1,1,1,1,1,0,0,1,1,1,0,1,1,1,1,1,1
xBIIiiMOOoo:1,1,1,1,1,1,1,1,0,0,1,1,1,0,0,0,0,0,0,0
xBIIiiMOoOO:1,1,1,1,1,1,1,1,0,0,1,1,0,1,1,1,1,1,1,1
xBIIiiMOoOo:1,1,1,1,1,1,1,1,0,0,1,1,0,1,0,0,0,0,0,0
xBIIiiMOooO:1,1,1,1,1,1,1,1,0,0,1,1,0,0,1,1,1,1,1,1
xBIIiiMOooo:1,1,1,1,1,1,1,1,0,0,1,1,0,0,0,0,0,0,0,0
xBIIiiMoOOO:1,1,1,1,1,1,1,1,0,0,1,0,1,1,1,1,1,1,1,1
xBIIiiMoOOo:1,1,1,1,1,1,1,1,0,0,1,0,1,1,0,0,0,0,0,0
xBIIiiMoOoO:1,1,1,1,1,1,1,1,0,0,1,0,1,0,1,1,1,1,1,1
xBIIiiMoOoo:1,1,1,1,1,1,1,1,0,0,1,0,1,0,0,0,0,0,0,0
xBIIiiMooOO:1,1,1,1,1,1,1,1,0,0,1,0,0,1,1,1,1,1,1,1
xBIIiiMooOo:1,1,1,1,1,1,1,1,0,0,1,0,0,1,0,0,0,0,0,0
xBIIiiMoooO:1,1,1,1,1,1,1,1,0,0,1,0,0,0,1,1,1,1,1,1
xBIIiiMoooo:1,1,1,1,1,1,1,1,0,0,1,0,0,0,0,0,0,0,0,0
xBIIiimOOOO:1,1,1,1,1,1,1,1,0,0,0,1,1,1,1,1,1,1,1,1
xBIIiimOOOo:1,1,1,1,1,1,1,1,0,0,0,1,1,1,0,0,0,0,0,0
xBIIiimOOoO:1,1,1,1,1,1,1,1,0,0,0,1,1,0,1,1,1,1,1,1
xBIIiimOOoo:1,1,1,1,1,1,1,1,0,0,0,1,1,0,0,0,0,0,0,0
xBIIiimOoOO:1,1,1,1,1,1,1,1,0,0,0,1,0,1,1,1,1,1,1,1
xBIIiimOoOo:1,1,1,1,1,1,1,1,0,0,0,1,0,1,0,0,0,0,0,0
xBIIiimOooO:1,1,1,1,1,1,1,1,0,0,0,1,0,0,1,1,1,1,1,1
xBIIiimOooo:1,1,1,1,1,1,1,1,0,0,0,1,0,0,0,0,0,0,0,0
xBIIiimoOOO:1,1,1,1,1,1,1,1,0,0,0,0,1,1,1,1,1,1,1,1
xBIIiimoOOo:1,1,1,1,1,1,1,1,0,0,0,0,1,1,0,0,0,0,0,0
xBIIiimoOoO:1,1,1,1,1,1,1,1,0,0,0,0,1,0,1,1,1,1,1,1
xBIIiimoOoo:1,1,1,1,1,1,1,1,0,0,0,0,1,0,0,0,0,0,0,0
xBIIiimooOO:1,1,1,1,1,1,1,1,0,0,0,0,0,1,1,1,1,1,1,1
xBIIiimooOo:1,1,1,1,1,1,1,1,0,0,0,0,0,1,0,0,0,0,0,0
xBIIiimoooO:1,1,1,1,1,1,1,1,0,0,0,0,0,0,1,1,1,1,1,1
xBIIiimoooo:1,1,1,1,1,1,1,1,0,0,0,0,0,0,0,0,0,0,0,0
xBIiIIMOOOO:1,1,1,1,1,1,0,0,1,1,1,1,1,1,1,1,1,1,1,1
xBIiIIMOOOo:1,1,1,1,1,1,0,0,1,1,1,1,1,1,0,0,0,0,0,0
xBIiIIMOOoO:1,1,1,1,1,1,0,0,1,1,1,1,1,0,1,1,1,1,1,1
xBIiIIMOOoo:1,1,1,1,1,1,0,0,1,1,1,1,1,0,0,0,0,0,0,0
xBIiIIMOoOO:1,1,1,1,1,1,0,0,1,1,1,1,0,1,1,1,1,1,1,1
xBIiIIMOoOo:1,1,1,1,1,1,0,0,1,1,1,1,0,1,0,0,0,0,0,0
xBIiIIMOooO:1,1,1,1,1,1,0,0,1,1,1,1,0,0,1,1,1,1,1,1
xBIiIIMOooo:1,1,1,1,1,1,0,0,1,1,1,1,0,0,0,0,0,0,0,0
xBIiIIMoOOO:1,1,1,1,1,1,0,0,1,1,1,0,1,1,1,1,1,1,1,1
xBIiIIMoOOo:1,1,1,1,1,1,0,0,1,1,1,0,1,1,0,0,0,0,0,0
xBIiIIMoOoO:1,1,1,1,1,1,0,0,1,1,1,0,1,0,1,1,1,1,1,1
xBIiIIMoOoo:1,1,1,1,1,1,0,0,1,1,1,0,1,0,0,0,0,0,0,0
xBIiIIMooOO:1,1,1,1,1,1,0,0,1,1,1,0,0,1,1,1,1,1,1,1
xBIiIIMooOo:1,1,1,1,1,1,0,0,1,1,1,0,0,1,0,0,0,0,0,0
xBIiIIMoooO:1,1,1,1,1,1,0,0,1,1,1,0,0,0,1,1,1,1,1,1
xBIiIIMoooo:1,1,1,1,1,1,0,0,1,1,1,0,0,0,0,0,0,0,0,0
xBIiIImOOOO:1,1,1,1,1,1,0,0,1,1,0,1,1,1,1,1,1,1,1,1
xBIiIImOOOo:1,1,1,1,1,1,0,0,1,1,0,1,1,1,0,0,0,0,0,0
xBIiIImOOoO:1,1,1,1,1,1,0,0,1,1,0,1,1,0,1,1,1,1,1,1
xBIiIImOOoo:1,1,1,1,1,1,0,0,1,1,0,1,1,0,0,0,0,0,0,0
xBIiIImOoOO:1,1,1,1,1,1,0,0,1,1,0,1,0,1,1,1,1,1,1,1
xBIiIImOoOo:1,1,1,1,1,1,0,0,1,1,0,1,0,1,0,0,0,0,0,0
xBIiIImOooO:1,1,1,1,1,1,0,0,1,1,0,1,0,0,1,1,1,1,1,1
xBIiIImOooo:1,1,1,1,1,1,0,0,1,1,0,1,0,0,0,0,0,0,0,0
xBIiIImoOOO:1,1,1,1,1,1,0,0,1,1,0,0,1,1,1,1,1,1,1,1
xBIiIImoOOo:1,1,1,1,1,1,0,0,1,1,0,0,1,1,0,0,0,0,0,0
xBIiIImoOoO:1,1,1,1,1,1,0,0,1,1,0,0,1,0,1,1,1,1,1,1
xBIiIImoOoo:1,1,1,1,1,1,0,0,1,1,0,0,1,0,0,0,0,0,0,0
xBIiIImooOO:1,1,1,1,1,1,0,0,1,1,0,0,0,1,1,1,1,1,1,1
xBIiIImooOo:1,1,1,1,1,1,0,0,1,1,0,0,0,1,0,0,0,0,0,0
xBIiIImoooO:1,1,1,1,1,1,0,0,1,1,0,0,0,0,1,1,1,1,1,1
xBIiIImoooo:1,1,1,1,1,1,0,0,1,1,0,0,0,0,0,0,0,0,0,0
xBIiIiMOOOO:1,1,1,1,1,1,0,0,1,0,1,1,1,1,1,1,1,1,1,1
xBIiIiMOOOo:1,1,1,1,1,1,0,0,1,0,1,1,1,1,0,0,0,0,0,0
xBIiIiMOOoO:1,1,1,1,1,1,0,0,1,0,1,1,1,0,1,1,1,1,1,1
xBIiIiMOOoo:1,1,1,1,1,1,0,0,1,0,1,1,1,0,0,0,0,0,0,0
xBIiIiMOoOO:1,1,1,1,1,1,0,0,1,0,1,1,0,1,1,1,1,1,1,1
xBIiIiMOoOo:1,1,1,1,1,1,0,0,1,0,1,1,0,1,0,0,0,0,0,0
xBIiIiMOooO:1,1,1,1,1,1,0,0,1,0,1,1,0,0,1,1,1,1,1,1
xBIiIiMOooo:1,1,1,1,1,1,0,0,1,0,1,1,0,0,0,0,0,0,0,0
xBIiIiMoOOO:1,1,1,1,1,1,0,0,1,0,1,0,1,1,1,1,1,1,1,1
xBIiIiMoOOo:1,1,1,1,1,1,0,0,1,0,1,0,1,1,0,0,0,0,0,0
xBIiIiMoOoO:1,1,1,1,1,1,0,0,1,0,1,0,1,0,1,1,1,1,1,1
xBIiIiMoOoo:1,1,1,1,1,1,0,0,1,0,1,0,1,0,0,0,0,0,0,0
xBIiIiMooOO:1,1,1,1,1,1,0,0,1,0,1,0,0,1,1,1,1,1,1,1
xBIiIiMooOo:1,1,1,1,1,1,0,0,1,0,1,0,0,1,0,0,0,0,0,0
xBIiIiMoooO:1,1,1,1,1,1,0,0,1,0,1,0,0,0,1,1,1,1,1,1
xBIiIiMoooo:1,1,1,1,1,1,0,0,1,0,1,0,0,0,0,0,0,0,0,0
xBIiIimOOOO:1,1,1,1,1,1,0,0,1,0,0,1,1,1,1,1,1,1,1,1
xBIiIimOOOo:1,1,1,1,1,1,0,0,1,0,0,1,1,1,0,0,0,0,0,0
xBIiIimOOoO:1,1,1,1,1,1,0,0,1,0,0,1,1,0,1,1,1,1,1,1
xBIiIimOOoo:1,1,1,1,1,1,0,0,1,0,0,1,1,0,0,0,0,0,0,0
xBIiIimOoOO:1,1,1,1,1,1,0,0,1,0,0,1,0,1,1,1,1,1,1,1
xBIiIimOoOo:1,1,1,1,1,1,0,0,1,0,0,1,0,1,0,0,0,0,0,0
xBIiIimOooO:1,1,1,1,1,1,0,0,1,0,0,1,0,0,1,1,1,1,1,1
xBIiIimOooo:1,1,1,1,1,1,0,0,1,0,0,1,0,0,0,0,0,0,0,0
xBIiIimoOOO:1,1,1,1,1,1,0,0,1,0,0,0,1,1,1,1,1,1,1,1
xBIiIimoOOo:1,1,1,1,1,1,0,0,1,0,0,0,1,1,0,0,0,0,0,0
xBIiIimoOoO:1,1,1,1,1,1,0,0,1,0,0,0,1,0,1,1,1,1,1,1
xBIiIimoOoo:1,1,1,1,1,1,0,0,1,0,0,0,1,0,0,0,0,0,0,0
xBIiIimooOO:1,1,1,1,1,1,0,0,1,0,0,0,0,1,1,1,1,1,1,1
xBIiIimooOo:1,1,1,1,1,1,0,0,1,0,0,0,0,1,0,0,0,0,0,0
xBIiIimoooO:1,1,1,1,1,1,0,0,1,0,0,0,0,0,1,1,1,1,1,1
xBIiIimoooo:1,1,1,1,1,1,0,0,1,0,0,0,0,0,0,0,0,0,0,0
xBIiiIMOOOO:1,1,1,1,1,1,0,0,0,1,1,1,1,1,1,1,1,1,1,1
xBIiiIMOOOo:1,1,1,1,1,1,0,0,0,1,1,1,1,1,0,0,0,0,0,0
xBIiiIMOOoO:1,1,1,1,1,1,0,0,0,1,1,1,1,0,1,1,1,1,1,1
xBIiiIMOOoo:1,1,1,1,1,1,0,0,0,1,1,1,1,0,0,0,0,0,0,0
xBIiiIMOoOO:1,1,1,1,1,1,0,0,0,1,1,1,0,1,1,1,1,1,1,1
xBIiiIMOoOo:1,1,1,1,1,1,0,0,0,1,1,1,0,1,0,0,0,0,0,0
xBIiiIMOooO:1,1,1,1,1,1,0,0,0,1,1,1,0,0,1,1,1,1,1,1
xBIiiIMOooo:1,1,1,1,1,1,0,0,0,1,1,1,0,0,0,0,0,0,0,0
xBIiiIMoOOO:1,1,1,1,1,1,0,0,0,1,1,0,1,1,1,1,1,1,1,1
xBIiiIMoOOo:1,1,1,1,1,1,0,0,0,1,1,0,1,1,0,0,0,0,0,0
xBIiiIMoOoO:1,1,1,1,1,1,0,0,0,1,1,0,1,0,1,1,1,1,1,1
xBIiiIMoOoo:1,1,1,1,1,1,0,0,0,1,1,0,1,0,0,0,0,0,0,0
xBIiiIMooOO:1,1,1,1,1,1,0,0,0,1,1,0,0,1,1,1,1,1,1,1
xBIiiIMooOo:1,1,1,1,1,1,0,0,0,1,1,0,0,1,0,0,0,0,0,0
xBIiiIMoooO:1,1,1,1,1,1,0,0,0,1,1,0,0,0,1,1,1,1,1,1
xBIiiIMoooo:1,1,1,1,1,1,0,0,0,1,1,0,0,0,0,0,0,0,0,0
xBIiiImOOOO:1,1,1,1,1,1,0,0,0,1,0,1,1,1,1,1,1,1,1,1
xBIiiImOOOo:1,1,1,1,1,1,0,0,0,1,0,1,1,1,0,0,0,0,0,0
xBIiiImOOoO:1,1,1,1,1,1,0,0,0,1,0,1,1,0,1,1,1,1,1,1
xBIiiImOOoo:1,1,1,1,1,1,0,0,0,1,0,1,1,0,0,0,0,0,0,0
xBIiiImOoOO:1,1,1,1,1,1,0,0,0,1,0,1,0,1,1,1,1,1,1,1
xBIiiImOoOo:1,1,1,1,1,1,0,0,0,1,0,1,0,1,0,0,0,0,0,0
xBIiiImOooO:1,1,1,1,1,1,0,0,0,1,0,1,0,0,1,1,1,1,1,1
xBIiiImOooo:1,1,1,1,1,1,0,0,0,1,0,1,0,0,0,0,0,0,0,0
xBIiiImoOOO:1,1,1,1,1,1,0,0,0,1,0,0,1,1,1,1,1,1,1,1
xBIiiImoOOo:1,1,1,1,1,1,0,0,0,1,0,0,1,1,0,0,0,0,0,0
xBIiiImoOoO:1,1,1,1,1,1,0,0,0,1,0,0,1,0,1,1,1,1,1,1
xBIiiImoOoo:1,1,1,1,1,1,0,0,0,1,0,0,1,0,0,0,0,0,0,0
xBIiiImooOO:1,1,1,1,1,1,0,0,0,1,0,0,0,1,1,1,1,1,1,1
xBIiiImooOo:1,1,1,1,1,1,0,0,0,1,0,0,0,1,0,0,0,0,0,0
xBIiiImoooO:1,1,1,1,1,1,0,0,0,1,0,0,0,0,1,1,1,1,1,1
xBIiiImoooo:1,1,1,1,1,1,0,0,0,1,0,0,0,0,0,0,0,0,0,0
xBIiiiMOOOO:1,1,1,1,1,1,0,0,0,0,1,1,1,1,1,1,1,1,1,1
xBIiiiMOOOo:1,1,1,1,1,1,0,0,0,0,1,1,1,1,0,0,0,0,0,0
xBIiiiMOOoO:1,1,1,1,1,1,0,0,0,0,1,1,1,0,1,1,1,1,1,1
xBIiiiMOOoo:1,1,1,1,1,1,0,0,0,0,1,1,1,0,0,0,0,0,0,0
xBIiiiMOoOO:1,1,1,1,1,1,0,0,0,0,1,1,0,1,1,1,1,1,1,1
xBIiiiMOoOo:1,1,1,1,1,1,0,0,0,0,1,1,0,1,0,0,0,0,0,0
xBIiiiMOooO:1,1,1,1,1,1,0,0,0,0,1,1,0,0,1,1,1,1,1,1
xBIiiiMOooo:1,1,1,1,1,1,0,0,0,0,1,1,0,0,0,0,0,0,0,0
xBIiiiMoOOO:1,1,1,1,1,1,0,0,0,0,1,0,1,1,1,1,1,1,1,1
xBIiiiMoOOo:1,1,1,1,1,1,0,0,0,0,1,0,1,1,0,0,0,0,0,0
xBIiiiMoOoO:1,1,1,1,1,1,0,0,0,0,1,0,1,0,1,1,1,1,1,1
xBIiiiMoOoo:1,1,1,1,1,1,0,0,0,0,1,0,1,0,0,0,0,0,0,0
xBIiiiMooOO:1,1,1,1,1,1,0,0,0,0,1,0,0,1,1,1,1,1,1,1
xBIiiiMooOo:1,1,1,1,1,1,0,0,0,0,1,0,0,1,0,0,0,0,0,0
xBIiiiMoooO:1,1,1,1,1,1,0,0,0,0,1,0,0,0,1,1,1,1,1,1
xBIiiiMoooo:1,1,1,1,1,1,0,0,0,0,1,0,0,0,0,0,0,0,0,0
xBIiiimOOOO:1,1,1,1,1,1,0,0,0,0,0,1,1,1,1,1,1,1,1,1
xBIiiimOOOo:1,1,1,1,1,1,0,0,0,0,0,1,1,1,0,0,0,0,0,0
xBIiiimOOoO:1,1,1,1,1,1,0,0,0,0,0,1,1,0,1,1,1,1,1,1
xBIiiimOOoo:1,1,1,1,1,1,0,0,0,0,0,1,1,0,0,0,0,0,0,0
xBIiiimOoOO:1,1,1,1,1,1,0,0,0,0,0,1,0,1,1,1,1,1,1,1
xBIiiimOoOo:1,1,1,1,1,1,0,0,0,0,0,1,0,1,0,0,0,0,0,0
xBIiiimOooO:1,1,1,1,1,1,0,0,0,0,0,1,0,0,1,1,1,1,1,1
xBIiiimOooo:1,1,1,1,1,1,0,0,0,0,0,1,0,0,0,0,0,0,0,0
xBIiiimoOOO:1,1,1,1,1,1,0,0,0,0,0,0,1,1,1,1,1,1,1,1
xBIiiimoOOo:1,1,1,1,1,1,0,0,0,0,0,0,1,1,0,0,0,0,0,0
xBIiiimoOoO:1,1,1,1,1,1,0,0,0,0,0,0,1,0,1,1,1,1,1,1
xBIiiimoOoo:1,1,1,1,1,1,0,0,0,0,0,0,1,0,0,0,0,0,0,0
xBIiiimooOO:1,1,1,1,1,1,0,0,0,0,0,0,0,1,1,1,1,1,1,1
xBIiiimooOo:1,1,1,1,1,1,0,0,0,0,0,0,0,1,0,0,0,0,0,0
xBIiiimoooO:1,1,1,1,1,1,0,0,0,0,0,0,0,0,1,1,1,1,1,1
xBIiiimoooo:1,1,1,1,1,1,0,0,0,0,0,0,0,0,0,0,0,0,0,0
xBiIIIMOOOO:1,0,0,0,0,0,1,1,1,1,1,1,1,1,1,1,1,1,1,1
xBiIIIMOOOo:1,0,0,0,0,0,1,1,1,1,1,1,1,1,0,0,0,0,0,0
xBiIIIMOOoO:1,0,0,0,0,0,1,1,1,1,1,1,1,0,1,1,1,1,1,1
xBiIIIMOOoo:1,0,0,0,0,0,1,1,1,1,1,1,1,0,0,0,0,0,0,0
xBiIIIMOoOO:1,0,0,0,0,0,1,1,1,1,1,1,0,1,1,1,1,1,1,1
xBiIIIMOoOo:1,0,0,0,0,0,1,1,1,1,1,1,0,1,0,0,0,0,0,0
xBiIIIMOooO:1,0,0,0,0,0,1,1,1,1,1,1,0,0,1,1,1,1,1,1
xBiIIIMOooo:1,0,0,0,0,0,1,1,1,1,1,1,0,0,0,0,0,0,0,0
xBiIIIMoOOO:1,0,0,0,0,0,1,1,1,1,1,0,1,1,1,1,1,1,1,1
xBiIIIMoOOo:1,0,0,0,0,0,1,1,1,1,1,0,1,1,0,0,0,0,0,0
xBiIIIMoOoO:1,0,0,0,0,0,1,1,1,1,1,0,1,0,1,1,1,1,1,1
xBiIIIMoOoo:1,0,0,0,0,0,1,1,1,1,1,0,1,0,0,0,0,0,0,0
xBiIIIMooOO:1,0,0,0,0,0,1,1,1,1,1,0,0,1,1,1,1,1,1,1
xBiIIIMooOo:1,0,0,0,0,0,1,1,1,1,1,0,0,1,0,0,0,0,0,0
xBiIIIMoooO:1,0,0,0,0,0,1,1,1,1,1,0,0,0,1,1,1,1,1,1
xBiIIIMoooo:1,0,0,0,0,0,1,1,1,1,1,0,0,0,0,0,0,0,0,0
xBiIIImOOOO:1,0,0,0,0,0,1,1,1,1,0,1,1,1,1,1,1,1,1,1
xBiIIImOOOo:1,0,0,0,0,0,1,1,1,1,0,1,1,1,0,0,0,0,0,0
xBiIIImOOoO:1,0,0,0,0,0,1,1,1,1,0,1,1,0,1,1,1,1,1,1
xBiIIImOOoo:1,0,0,0,0,0,1,1,1,1,0,1,1,0,0,0,0,0,0,0
xBiIIImOoOO:1,0,0,0,0,0,1,1,1,1,0,1,0,1,1,1,1,1,1,1
xBiIIImOoOo:1,0,0,0,0,0,1,1,1,1,0,1,0,1,0,0,0,0,0,0
xBiIIImOooO:1,0,0,0,0,0,1,1,1,1,0,1,0,0,1,1,1,1,1,1
xBiIIImOooo:1,0,0,0,0,0,1,1,1,1,0,1,0,0,0,0,0,0,0,0
xBiIIImoOOO:1,0,0,0,0,0,1,1,1,1,0,0,1,1,1,1,1,1,1,1
xBiIIImoOOo:1,0,0,0,0,0,1,1,1,1,0,0,1,1,0,0,0,0,0,0
xBiIIImoOoO:1,0,0,0,0,0,1,1,1,1,0,0,1,0,1,1,1,1,1,1
xBiIIImoOoo:1,0,0,0,0,0,1,1,1,1,0,0,1,0,0,0,0,0,0,0
xBiIIImooOO:1,0,0,0,0,0,1,1,1,1,0,0,0,1,1,1,1,1,1,1
xBiIIImooOo:1,0,0,0,0,0,1,1,1,1,0,0,0,1,0,0,0,0,0,0
xBiIIImoooO:1,0,0,0,0,0,1,1,1,1,0,0,0,0,1,1,1,1,1,1
xBiIIImoooo:1,0,0,0,0,0,1,1,1,1,0,0,0,0,0,0,0,0,0,0
xBiIIiMOOOO:1,0,0,0,0,0,1,1,1,0,1,1,1,1,1,1,1,1,1,1
xBiIIiMOOOo:1,0,0,0,0,0,1,1,1,0,1,1,1,1,0,0,0,0,0,0
xBiIIiMOOoO:1,0,0,0,0,0,1,1,1,0,1,1,1,0,1,1,1,1,1,1
xBiIIiMOOoo:1,0,0,0,0,0,1,1,1,0,1,1,1,0,0,0,0,0,0,0
xBiIIiMOoOO:1,0,0,0,0,0,1,1,1,0,1,1,0,1,1,1,1,1,1,1
xBiIIiMOoOo:1,0,0,0,0,0,1,1,1,0,1,1,0,1,0,0,0,0,0,0
xBiIIiMOooO:1,0,0,0,0,0,1,1,1,0,1,1,0,0,1,1,1,1,1,1
xBiIIiMOooo:1,0,0,0,0,0,1,1,1,0,1,1,0,0,0,0,0,0,0,0
xBiIIiMoOOO:1,0,0,0,0,0,1,1,1,0,1,0,1,1,1,1,1,1,1,1
xBiIIiMoOOo:1,0,0,0,0,0,1,1,1,0,1,0,1,1,0,0,0,0,0,0
xBiIIiMoOoO:1,0,0,0,0,0,1,1,1,0,1,0,1,0,1,1,1,1,1,1
xBiIIiMoOoo:1,0,0,0,0,0,1,1,1,0,1,0,1,0,0,0,0,0,0,0
xBiIIiMooOO:1,0,0,0,0,0,1,1,1,0,1,0,0,1,1,1,1,1,1,1
xBiIIiMooOo:1,0,0,0,0,0,1,1,1,0,1,0,0,1,0,0,0,0,0,0
xBiIIiMoooO:1,0,0,0,0,0,1,1,1,0,1,0,0,0,1,1,1,1,1,1
xBiIIiMoooo:1,0,0,0,0,0,1,1,1,0,1,0,0,0,0,0,0,0,0,0
xBiIIimOOOO:1,0,0,0,0,0,1,1,1,0,0,1,1,1,1,1,1,1,1,1
xBiIIimOOOo:1,0,0,0,0,0,1,1,1,0,0,1,1,1,0,0,0,0,0,0
xBiIIimOOoO:1,0,0,0,0,0,1,1,1,0,0,1,1,0,1,1,1,1,1,1
xBiIIimOOoo:1,0,0,0,0,0,1,1,1,0,0,1,1,0,0,0,0,0,0,0
xBiIIimOoOO:1,0,0,0,0,0,1,1,1,0,0,1,0,1,1,1,1,1,1,1
xBiIIimOoOo:1,0,0,0,0,0,1,1,1,0,0,1,0,1,0,0,0,0,0,0
xBiIIimOooO:1,0,0,0,0,0,1,1,1,0,0,1,0,0,1,1,1,1,1,1
xBiIIimOooo:1,0,0,0,0,0,1,1,1,0,0,1,0,0,0,0,0,0,0,0
xBiIIimoOOO:1,0,0,0,0,0,1,1,1,0,0,0,1,1,1,1,1,1,1,1
xBiIIimoOOo:1,0,0,0,0,0,1,1,1,0,0,0,1,1,0,0,0,0,0,0
xBiIIimoOoO:1,0,0,0,0,0,1,1,1,0,0,0,1,0,1,1,1,1,1,1
xBiIIimoOoo:1,0,0,0,0,0,1,1,1,0,0,0,1,0,0,0,0,0,0,0
xBiIIimooOO:1,0,0,0,0,0,1,1,1,0,0,0,0,1,1,1,1,1,1,1
xBiIIimooOo:1,0,0,0,0,0,1,1,1,0,0,0,0,1,0,0,0,0,0,0
xBiIIimoooO:1,0,0,0,0,0,1,1,1,0,0,0,0,0,1,1,1,1,1,1
xBiIIimoooo:1,0,0,0,0,0,1,1,1,0,0,0,0,0,0,0,0,0,0,0
xBiIiIMOOOO:1,0,0,0,0,0,1,1,0,1,1,1,1,1,1,1,1,1,1,1
xBiIiIMOOOo:1,0,0,0,0,0,1,1,0,1,1,1,1,1,0,0,0,0,0,0
xBiIiIMOOoO:1,0,0,0,0,0,1,1,0,1,1,1,1,0,1,1,1,1,1,1
xBiIiIMOOoo:1,0,0,0,0,0,1,1,0,1,1,1,1,0,0,0,0,0,0,0
xBiIiIMOoOO:1,0,0,0,0,0,1,1,0,1,1,1,0,1,1,1,1,1,1,1
xBiIiIMOoOo:1,0,0,0,0,0,1,1,0,1,1,1,0,1,0,0,0,0,0,0
xBiIiIMOooO:1,0,0,0,0,0,1,1,0,1,1,1,0,0,1,1,1,1,1,1
xBiIiIMOooo:1,0,0,0,0,0,1,1,0,1,1,1,0,0,0,0,0,0,0,0
xBiIiIMoOOO:1,0,0,0,0,0,1,1,0,1,1,0,1,1,1,1,1,1,1,1
xBiIiIMoOOo:1,0,0,0,0,0,1,1,0,1,1,0,1,1,0,0,0,0,0,0
xBiIiIMoOoO:1,0,0,0,0,0,1,1,0,1,1,0,1,0,1,1,1,1,1,1
xBiIiIMoOoo:1,0,0,0,0,0,1,1,0,1,1,0,1,0,0,0,0,0,0,0
xBiIiIMooOO:1,0,0,0,0,0,1,1,0,1,1,0,0,1,1,1,1,1,1,1
xBiIiIMooOo:1,0,0,0,0,0,1,1,0,1,1,0,0,1,0,0,0,0,0,0
xBiIiIMoooO:1,0,0,0,0,0,1,1,0,1,1,0,0,0,1,1,1,1,1,1
xBiIiIMoooo:1,0,0,0,0,0,1,1,0,1,1,0,0,0,0,0,0,0,0,0
xBiIiImOOOO:1,0,0,0,0,0,1,1,0,1,0,1,1,1,1,1,1,1,1,1
xBiIiImOOOo:1,0,0,0,0,0,1,1,0,1,0,1,1,1,0,0,0,0,0,0
xBiIiImOOoO:1,0,0,0,0,0,1,1,0,1,0,1,1,0,1,1,1,1,1,1
xBiIiImOOoo:1,0,0,0,0,0,1,1,0,1,0,1,1,0,0,0,0,0,0,0
xBiIiImOoOO:1,0,0,0,0,0,1,1,0,1,0,1,0,1,1,1,1,1,1,1
xBiIiImOoOo:1,0,0,0,0,0,1,1,0,1,0,1,0,1,0,0,0,0,0,0
xBiIiImOooO:1,0,0,0,0,0,1,1,0,1,0,1,0,0,1,1,1,1,1,1
xBiIiImOooo:1,0,0,0,0,0,1,1,0,1,0,1,0,0,0,0,0,0,0,0
xBiIiImoOOO:1,0,0,0,0,0,1,1,0,1,0,0,1,1,1,1,1,1,1,1
xBiIiImoOOo:1,0,0,0,0,0,1,1,0,1,0,0,1,1,0,0,0,0,0,0
xBiIiImoOoO:1,0,0,0,0,0,1,1,0,1,0,0,1,0,1,1,1,1,1,1
xBiIiImoOoo:1,0,0,0,0,0,1,1,0,1,0,0,1,0,0,0,0,0,0,0
xBiIiImooOO:1,0,0,0,0,0,1,1,0,1,0,0,0,1,1,1,1,1,1,1
xBiIiImooOo:1,0,0,0,0,0,1,1,0,1,0,0,0,1,0,0,0,0,0,0
xBiIiImoooO:1,0,0,0,0,0,1,1,0,1,0,0,0,0,1,1,1,1,1,1
xBiIiImoooo:1,0,0,0,0,0,1,1,0,1,0,0,0,0,0,0,0,0,0,0
xBiIiiMOOOO:1,0,0,0,0,0,1,1,0,0,1,1,1,1,1,1,1,1,1,1
xBiIiiMOOOo:1,0,0,0,0,0,1,1,0,0,1,1,1,1,0,0,0,0,0,0
xBiIiiMOOoO:1,0,0,0,0,0,1,1,0,0,1,1,1,0,1,1,1,1,1,1
xBiIiiMOOoo:1,0,0,0,0,0,1,1,0,0,1,1,1,0,0,0,0,0,0,0
xBiIiiMOoOO:1,0,0,0,0,0,1,1,0,0,1,1,0,1,1,1,1,1,1,1
xBiIiiMOoOo:1,0,0,0,0,0,1,1,0,0,1,1,0,1,0,0,0,0,0,0
xBiIiiMOooO:1,0,0,0,0,0,1,1,0,0,1,1,0,0,1,1,1,1,1,1
xBiIiiMOooo:1,0,0,0,0,0,1,1,0,0,1,1,0,0,0,0,0,0,0,0
xBiIiiMoOOO:1,0,0,0,0,0,1,1,0,0,1,0,1,1,1,1,1,1,1,1
xBiIiiMoOOo:1,0,0,0,0,0,1,1,0,0,1,0,1,1,0,0,0,0,0,0
xBiIiiMoOoO:1,0,0,0,0,0,1,1,0,0,1,0,1,0,1,1,1,1,1,1
xBiIiiMoOoo:1,0,0,0,0,0,1,1,0,0,1,0,1,0,0,0,0,0,0,0
xBiIiiMooOO:1,0,0,0,0,0,1,1,0,0,1,0,0,1,1,1,1,1,1,1
xBiIiiMooOo:1,0,0,0,0,0,1,1,0,0,1,0,0,1,0,0,0,0,0,0
xBiIiiMoooO:1,0,0,0,0,0,1,1,0,0,1,0,0,0,1,1,1,1,1,1
xBiIiiMoooo:1,0,0,0,0,0,1,1,0,0,1,0,0,0,0,0,0,0,0,0
xBiIiimOOOO:1,0,0,0,0,0,1,1,0,0,0,1,1,1,1,1,1,1,1,1
xBiIiimOOOo:1,0,0,0,0,0,1,1,0,0,0,1,1,1,0,0,0,0,0,0
xBiIiimOOoO:1,0,0,0,0,0,1,1,0,0,0,1,1,0,1,1,1,1,1,1
xBiIiimOOoo:1,0,0,0,0,0,1,1,0,0,0,1,1,0,0,0,0,0,0,0
xBiIiimOoOO:1,0,0,0,0,0,1,1,0,0,0,1,0,1,1,1,1,1,1,1
xBiIiimOoOo:1,0,0,0,0,0,1,1,0,0,0,1,0,1,0,0,0,0,0,0
xBiIiimOooO:1,0,0,0,0,0,1,1,0,0,0,1,0,0,1,1,1,1,1,1
xBiIiimOooo:1,0,0,0,0,0,1,1,0,0,0,1,0,0,0,0,0,0,0,0
xBiIiimoOOO:1,0,0,0,0,0,1,1,0,0,0,0,1,1,1,1,1,1,1,1
xBiIiimoOOo:1,0,0,0,0,0,1,1,0,0,0,0,1,1,0,0,0,0,0,0
xBiIiimoOoO:1,0,0,0,0,0,1,1,0,0,0,0,1,0,1,1,1,1,1,1
xBiIiimoOoo:1,0,0,0,0,0,1,1,0,0,0,0,1,0,0,0,0,0,0,0
xBiIiimooOO:1,0,0,0,0,0,1,1,0,0,0,0,0,1,1,1,1,1,1,1
xBiIiimooOo:1,0,0,0,0,0,1,1,0,0,0,0,0,1,0,0,0,0,0,0
xBiIiimoooO:1,0,0,0,0,0,1,1,0,0,0,0,0,0,1,1,1,1,1,1
xBiIiimoooo:1,0,0,0,0,0,1,1,0,0,0,0,0,0,0,0,0,0,0,0
xBiiIIMOOOO:1,0,0,0,0,0,0,0,1,1,1,1,1,1,1,1,1,1,1,1
xBiiIIMOOOo:1,0,0,0,0,0,0,0,1,1,1,1,1,1,0,0,0,0,0,0
xBiiIIMOOoO:1,0,0,0,0,0,0,0,1,1,1,1,1,0,1,1,1,1,1,1
xBiiIIMOOoo:1,0,0,0,0,0,0,0,1,1,1,1,1,0,0,0,0,0,0,0
xBiiIIMOoOO:1,0,0,0,0,0,0,0,1,1,1,1,0,1,1,1,1,1,1,1
xBiiIIMOoOo:1,0,0,0,0,0,0,0,1,1,1,1,0,1,0,0,0,0,0,0
xBiiIIMOooO:1,0,0,0,0,0,0,0,1,1,1,1,0,0,1,1,1,1,1,1
xBiiIIMOooo:1,0,0,0,0,0,0,0,1,1,1,1,0,0,0,0,0,0,0,0
xBiiIIMoOOO:1,0,0,0,0,0,0,0,1,1,1,0,1,1,1,1,1,1,1,1
xBiiIIMoOOo:1,0,0,0,0,0,0,0,1,1,1,0,1,1,0,0,0,0,0,0
xBiiIIMoOoO:1,0,0,0,0,0,0,0,1,1,1,0,1,0,1,1,1,1,1,1
xBiiIIMoOoo:1,0,0,0,0,0,0,0,1,1,1,0,1,0,0,0,0,0,0,0
xBiiIIMooOO:1,0,0,0,0,0,0,0,1,1,1,0,0,1,1,1,1,1,1,1
xBiiIIMooOo:1,0,0,0,0,0,0,0,1,1,1,0,0,1,0,0,0,0,0,0
xBiiIIMoooO:1,0,0,0,0,0,0,0,1,1,1,0,0,0,1,1,1,1,1,1
xBiiIIMoooo:1,0,0,0,0,0,0,0,1,1,1,0,0,0,0,0,0,0,0,0
xBiiIImOOOO:1,0,0,0,0,0,0,0,1,1,0,1,1,1,1,1,1,1,1,1
xBiiIImOOOo:1,0,0,0,0,0,0,0,1,1,0,1,1,1,0,0,0,0,0,0
xBiiIImOOoO:1,0,0,0,0,0,0,0,1,1,0,1,1,0,1,1,1,1,1,1
xBiiIImOOoo:1,0,0,0,0,0,0,0,1,1,0,1,1,0,0,0,0,0,0,0
xBiiIImOoOO:1,0,0,0,0,0,0,0,1,1,0,1,0,1,1,1,1,1,1,1
xBiiIImOoOo:1,0,0,0,0,0,0,0,1,1,0,1,0,1,0,0,0,0,0,0
xBiiIImOooO:1,0,0,0,0,0,0,0,1,1,0,1,0,0,1,1,1,1,1,1
xBiiIImOooo:1,0,0,0,0,0,0,0,1,1,0,1,0,0,0,0,0,0,0,0
xBiiIImoOOO:1,0,0,0,0,0,0,0,1,1,0,0,1,1,1,1,1,1,1,1
xBiiIImoOOo:1,0,0,0,0,0,0,0,1,1,0,0,1,1,0,0,0,0,0,0
xBiiIImoOoO:1,0,0,0,0,0,0,0,1,1,0,0,1,0,1,1,1,1,1,1
xBiiIImoOoo:1,0,0,0,0,0,0,0,1,1,0,0,1,0,0,0,0,0,0,0
xBiiIImooOO:1,0,0,0,0,0,0,0,1,1,0,0,0,1,1,1,1,1,1,1
xBiiIImooOo:1,0,0,0,0,0,0,0,1,1,0,0,0,1,0,0,0,0,0,0
xBiiIImoooO:1,0,0,0,0,0,0,0,1,1,0,0,0,0,1,1,1,1,1,1
xBiiIImoooo:1,0,0,0,0,0,0,0,1,1,0,0,0,0,0,0,0,0,0,0
xBiiIiMOOOO:1,0,0,0,0,0,0,0,1,0,1,1,1,1,1,1,1,1,1,1
xBiiIiMOOOo:1,0,0,0,0,0,0,0,1,0,1,1,1,1,0,0,0,0,0,0
xBiiIiMOOoO:1,0,0,0,0,0,0,0,1,0,1,1,1,0,1,1,1,1,1,1
xBiiIiMOOoo:1,0,0,0,0,0,0,0,1,0,1,1,1,0,0,0,0,0,0,0
xBiiIiMOoOO:1,0,0,0,0,0,0,0,1,0,1,1,0,1,1,1,1,1,1,1
xBiiIiMOoOo:1,0,0,0,0,0,0,0,1,0,1,1,0,1,0,0,0,0,0,0
xBiiIiMOooO:1,0,0,0,0,0,0,0,1,0,1,1,0,0,1,1,1,1,1,1
xBiiIiMOooo:1,0,0,0,0,0,0,0,1,0,1,1,0,0,0,0,0,0,0,0
xBiiIiMoOOO:1,0,0,0,0,0,0,0,1,0,1,0,1,1,1,1,1,1,1,1
xBiiIiMoOOo:1,0,0,0,0,0,0,0,1,0,1,0,1,1,0,0,0,0,0,0
xBiiIiMoOoO:1,0,0,0,0,0,0,0,1,0,1,0,1,0,1,1,1,1,1,1
xBiiIiMoOoo:1,0,0,0,0,0,0,0,1,0,1,0,1,0,0,0,0,0,0,0
xBiiIiMooOO:1,0,0,0,0,0,0,0,1,0,1,0,0,1,1,1,1,1,1,1
xBiiIiMooOo:1,0,0,0,0,0,0,0,1,0,1,0,0,1,0,0,0,0,0,0
xBiiIiMoooO:1,0,0,0,0,0,0,0,1,0,1,0,0,0,1,1,1,1,1,1
xBiiIiMoooo:1,0,0,0,0,0,0,0,1,0,1,0,0,0,0,0,0,0,0,0
xBiiIimOOOO:1,0,0,0,0,0,0,0,1,0,0,1,1,1,1,1,1,1,1,1
xBiiIimOOOo:1,0,0,0,0,0,0,0,1,0,0,1,1,1,0,0,0,0,0,0
xBiiIimOOoO:1,0,0,0,0,0,0,0,1,0,0,1,1,0,1,1,1,1,1,1
xBiiIimOOoo:1,0,0,0,0,0,0,0,1,0,0,1,1,0,0,0,0,0,0,0
xBiiIimOoOO:1,0,0,0,0,0,0,0,1,0,0,1,0,1,1,1,1,1,1,1
xBiiIimOoOo:1,0,0,0,0,0,0,0,1,0,0,1,0,1,0,0,0,0,0,0
xBiiIimOooO:1,0,0,0,0,0,0,0,1,0,0,1,0,0,1,1,1,1,1,1
xBiiIimOooo:1,0,0,0,0,0,0,0,1,0,0,1,0,0,0,0,0,0,0,0
xBiiIimoOOO:1,0,0,0,0,0,0,0,1,0,0,0,1,1,1,1,1,1,1,1
xBiiIimoOOo:1,0,0,0,0,0,0,0,1,0,0,0,1,1,0,0,0,0,0,0
xBiiIimoOoO:1,0,0,0,0,0,0,0,1,0,0,0,1,0,1,1,1,1,1,1
xBiiIimoOoo:1,0,0,0,0,0,0,0,1,0,0,0,1,0,0,0,0,0,0,0
xBiiIimooOO:1,0,0,0,0,0,0,0,1,0,0,0,0,1,1,1,1,1,1,1
xBiiIimooOo:1,0,0,0,0,0,0,0,1,0,0,0,0,1,0,0,0,0,0,0
xBiiIimoooO:1,0,0,0,0,0,0,0,1,0,0,0,0,0,1,1,1,1,1,1
xBiiIimoooo:1,0,0,0,0,0,0,0,1,0,0,0,0,0,0,0,0,0,0,0
xBiiiIMOOOO:1,0,0,0,0,0,0,0,0,1,1,1,1,1,1,1,1,1,1,1
xBiiiIMOOOo:1,0,0,0,0,0,0,0,0,1,1,1,1,1,0,0,0,0,0,0
xBiiiIMOOoO:1,0,0,0,0,0,0,0,0,1,1,1,1,0,1,1,1,1,1,1
xBiiiIMOOoo:1,0,0,0,0,0,0,0,0,1,1,1,1,0,0,0,0,0,0,0
xBiiiIMOoOO:1,0,0,0,0,0,0,0,0,1,1,1,0,1,1,1,1,1,1,1
xBiiiIMOoOo:1,0,0,0,0,0,0,0,0,1,1,1,0,1,0,0,0,0,0,0
xBiiiIMOooO:1,0,0,0,0,0,0,0,0,1,1,1,0,0,1,1,1,1,1,1
xBiiiIMOooo:1,0,0,0,0,0,0,0,0,1,1,1,0,0,0,0,0,0,0,0
xBiiiIMoOOO:1,0,0,0,0,0,0,0,0,1,1,0,1,1,1,1,1,1,1,1
xBiiiIMoOOo:1,0,0,0,0,0,0,0,0,1,1,0,1,1,0,0,0,0,0,0
xBiiiIMoOoO:1,0,0,0,0,0,0,0,0,1,1,0,1,0,1,1,1,1,1,1
xBiiiIMoOoo:1,0,0,0,0,0,0,0,0,1,1,0,1,0,0,0,0,0,0,0
xBiiiIMooOO:1,0,0,0,0,0,0,0,0,1,1,0,0,1,1,1,1,1,1,1
xBiiiIMooOo:1,0,0,0,0,0,0,0,0,1,1,0,0,1,0,0,0,0,0,0
xBiiiIMoooO:1,0,0,0,0,0,0,0,0,1,1,0,0,0,1,1,1,1,1,1
xBiiiIMoooo:1,0,0,0,0,0,0,0,0,1,1,0,0,0,0,0,0,0,0,0
xBiiiImOOOO:1,0,0,0,0,0,0,0,0,1,0,1,1,1,1,1,1,1,1,1
xBiiiImOOOo:1,0,0,0,0,0,0,0,0,1,0,1,1,1,0,0,0,0,0,0
xBiiiImOOoO:1,0,0,0,0,0,0,0,0,1,0,1,1,0,1,1,1,1,1,1
xBiiiImOOoo:1,0,0,0,0,0,0,0,0,1,0,1,1,0,0,0,0,0,0,0
xBiiiImOoOO:1,0,0,0,0,0,0,0,0,1,0,1,0,1,1,1,1,1,1,1
xBiiiImOoOo:1,0,0,0,0,0,0,0,0,1,0,1,0,1,0,0,0,0,0,0
xBiiiImOooO:1,0,0,0,0,0,0,0,0,1,0,1,0,0,1,1,1,1,1,1
xBiiiImOooo:1,0,0,0,0,0,0,0,0,1,0,1,0,0,0,0,0,0,0,0
xBiiiImoOOO:1,0,0,0,0,0,0,0,0,1,0,0,1,1,1,1,1,1,1,1
xBiiiImoOOo:1,0,0,0,0,0,0,0,0,1,0,0,1,1,0,0,0,0,0,0
xBiiiImoOoO:1,0,0,0,0,0,0,0,0,1,0,0,1,0,1,1,1,1,1,1
xBiiiImoOoo:1,0,0,0,0,0,0,0,0,1,0,0,1,0,0,0,0,0,0,0
xBiiiImooOO:1,0,0,0,0,0,0,0,0,1,0,0,0,1,1,1,1,1,1,1
xBiiiImooOo:1,0,0,0,0,0,0,0,0,1,0,0,0,1,0,0,0,0,0,0
xBiiiImoooO:1,0,0,0,0,0,0,0,0,1,0,0,0,0,1,1,1,1,1,1
xBiiiImoooo:1,0,0,0,0,0,0,0,0,1,0,0,0,0,0,0,0,0,0,0
xBiiiiMOOOO:1,0,0,0,0,0,0,0,0,0,1,1,1,1,1,1,1,1,1,1
xBiiiiMOOOo:1,0,0,0,0,0,0,0,0,0,1,1,1,1,0,0,0,0,0,0
xBiiiiMOOoO:1,0,0,0,0,0,0,0,0,0,1,1,1,0,1,1,1,1,1,1
xBiiiiMOOoo:1,0,0,0,0,0,0,0,0,0,1,1,1,0,0,0,0,0,0,0
xBiiiiMOoOO:1,0,0,0,0,0,0,0,0,0,1,1,0,1,1,1,1,1,1,1
xBiiiiMOoOo:1,0,0,0,0,0,0,0,0,0,1,1,0,1,0,0,0,0,0,0
xBiiiiMOooO:1,0,0,0,0,0,0,0,0,0,1,1,0,0,1,1,1,1,1,1
xBiiiiMOooo:1,0,0,0,0,0,0,0,0,0,1,1,0,0,0,0,0,0,0,0
xBiiiiMoOOO:1,0,0,0,0,0,0,0,0,0,1,0,1,1,1,1,1,1,1,1
xBiiiiMoOOo:1,0,0,0,0,0,0,0,0,0,1,0,1,1,0,0,0,0,0,0
xBiiiiMoOoO:1,0,0,0,0,0,0,0,0,0,1,0,1,0,1,1,1,1,1,1
xBiiiiMoOoo:1,0,0,0,0,0,0,0,0,0,1,0,1,0,0,0,0,0,0,0
xBiiiiMooOO:1,0,0,0,0,0,0,0,0,0,1,0,0,1,1,1,1,1,1,1
xBiiiiMooOo:1,0,0,0,0,0,0,0,0,0,1,0,0,1,0,0,0,0,0,0
xBiiiiMoooO:1,0,0,0,0,0,0,0,0,0,1,0,0,0,1,1,1,1,1,1
xBiiiiMoooo:1,0,0,0,0,0,0,0,0,0,1,0,0,0,0,0,0,0,0,0
xBiiiimOOOO:1,0,0,0,0,0,0,0,0,0,0,1,1,1,1,1,1,1,1,1
xBiiiimOOOo:1,0,0,0,0,0,0,0,0,0,0,1,1,1,0,0,0,0,0,0
xBiiiimOOoO:1,0,0,0,0,0,0,0,0,0,0,1,1,0,1,1,1,1,1,1
xBiiiimOOoo:1,0,0,0,0,0,0,0,0,0,0,1,1,0,0,0,0,0,0,0
xBiiiimOoOO:1,0,0,0,0,0,0,0,0,0,0,1,0,1,1,1,1,1,1,1
xBiiiimOoOo:1,0,0,0,0,0,0,0,0,0,0,1,0,1,0,0,0,0,0,0
xBiiiimOooO:1,0,0,0,0,0,0,0,0,0,0,1,0,0,1,1,1,1,1,1
xBiiiimOooo:1,0,0,0,0,0,0,0,0,0,0,1,0,0,0,0,0,0,0,0
xBiiiimoOOO:1,0,0,0,0,0,0,0,0,0,0,0,1,1,1,1,1,1,1,1
xBiiiimoOOo:1,0,0,0,0,0,0,0,0,0,0,0,1,1,0,0,0,0,0,0
xBiiiimoOoO:1,0,0,0,0,0,0,0,0,0,0,0,1,0,1,1,1,1,1,1
xBiiiimoOoo:1,0,0,0,0,0,0,0,0,0,0,0,1,0,0,0,0,0,0,0
xBiiiimooOO:1,0,0,0,0,0,0,0,0,0,0,0,0,1,1,1,1,1,1,1
xBiiiimooOo:1,0,0,0,0,0,0,0,0,0,0,0,0,1,0,0,0,0,0,0
xBiiiimoooO:1,0,0,0,0,0,0,0,0,0,0,0,0,0,1,1,1,1,1,1
xBiiiimoooo:1,0,0,0,0,0,0,0,0,0,0,0,0,0,0,0,0,0,0,0
xbIIIIMOOOO:0,1,1,1,1,1,1,1,1,1,1,1,1,1,1,1,1,1,1,1
xbIIIIMOOOo:0,1,1,1,1,1,1,1,1,1,1,1,1,1,0,0,0,0,0,0
xbIIIIMOOoO:0,1,1,1,1,1,1,1,1,1,1,1,1,0,1,1,1,1,1,1
xbIIIIMOOoo:0,1,1,1,1,1,1,1,1,1,1,1,1,0,0,0,0,0,0,0
xbIIIIMOoOO:0,1,1,1,1,1,1,1,1,1,1,1,0,1,1,1,1,1,1,1
xbIIIIMOoOo:0,1,1,1,1,1,1,1,1,1,1,1,0,1,0,0,0,0,0,0
xbIIIIMOooO:0,1,1,1,1,1,1,1,1,1,1,1,0,0,1,1,1,1,1,1
xbIIIIMOooo:0,1,1,1,1,1,1,1,1,1,1,1,0,0,0,0,0,0,0,0
xbIIIIMoOOO:0,1,1,1,1,1,1,1,1,1,1,0,1,1,1,1,1,1,1,1
xbIIIIMoOOo:0,1,1,1,1,1,1,1,1,1,1,0,1,1,0,0,0,0,0,0
xbIIIIMoOoO:0,1,1,1,1,1,1,1,1,1,1,0,1,0,1,1,1,1,1,1
xbIIIIMoOoo:0,1,1,1,1,1,1,1,1,1,1,0,1,0,0,0,0,0,0,0
xbIIIIMooOO:0,1,1,1,1,1,1,1,1,1,1,0,0,1,1,1,1,1,1,1
xbIIIIMooOo:0,1,1,1,1,1,1,1,1,1,1,0,0,1,0,0,0,0,0,0
xbIIIIMoooO:0,1,1,1,1,1,1,1,1,1,1,0,0,0,1,1,1,1,1,1
xbIIIIMoooo:0,1,1,1,1,1,1,1,1,1,1,0,0,0,0,0,0,0,0,0
xbIIIImOOOO:0,1,1,1,1,1,1,1,1,1,0,1,1,1,1,1,1,1,1,1
xbIIIImOOOo:0,1,1,1,1,1,1,1,1,1,0,1,1,1,0,0,0,0,0,0
xbIIIImOOoO:0,1,1,1,1,1,1,1,1,1,0,1,1,0,1,1,1,1,1,1
xbIIIImOOoo:0,1,1,1,1,1,1,1,1,1,0,1,1,0,0,0,0,0,0,0
xbIIIImOoOO:0,1,1,1,1,1,1,1,1,1,0,1,0,1,1,1,1,1,1,1
xbIIIImOoOo:0,1,1,1,1,1,1,1,1,1,0,1,0,1,0,0,0,0,0,0
xbIIIImOooO:0,1,1,1,1,1,1,1,1,1,0,1,0,0,1,1,1,1,1,1
xbIIIImOooo:0,1,1,1,1,1,1,1,1,1,0,1,0,0,0,0,0,0,0,0
xbIIIImoOOO:0,1,1,1,1,1,1,1,1,1,0,0,1,1,1,1,1,1,1,1
xbIIIImoOOo:0,1,1,1,1,1,1,1,1,1,0,0,1,1,0,0,0,0,0,0
xbIIIImoOoO:0,1,1,1,1,1,1,1,1,1,0,0,1,0,1,1,1,1,1,1
xbIIIImoOoo:0,1,1,1,1,1,1,1,1,1,0,0,1,0,0,0,0,0,0,0
xbIIIImooOO:0,1,1,1,1,1,1,1,1,1,0,0,0,1,1,1,1,1,1,1
xbIIIImooOo:0,1,1,1,1,1,1,1,1,1,0,0,0,1,0,0,0,0,0,0
xbIIIImoooO:0,1,1,1,1,1,1,1,1,1,0,0,0,0,1,1,1,1,1,1
xbIIIImoooo:0,1,1,1,1,1,1,1,1,1,0,0,0,0,0,0,0,0,0,0
xbIIIiMOOOO:0,1,1,1,1,1,1,1,1,0,1,1,1,1,1,1,1,1,1,1
xbIIIiMOOOo:0,1,1,1,1,1,1,1,1,0,1,1,1,1,0,0,0,0,0,0
xbIIIiMOOoO:0,1,1,1,1,1,1,1,1,0,1,1,1,0,1,1,1,1,1,1
xbIIIiMOOoo:0,1,1,1,1,1,1,1,1,0,1,1,1,0,0,0,0,0,0,0
xbIIIiMOoOO:0,1,1,1,1,1,1,1,1,0,1,1,0,1,1,1,1,1,1,1
xbIIIiMOoOo:0,1,1,1,1,1,1,1,1,0,1,1,0,1,0,0,0,0,0,0
xbIIIiMOooO:0,1,1,1,1,1,1,1,1,0,1,1,0,0,1,1,1,1,1,1
xbIIIiMOooo:0,1,1,1,1,1,1,1,1,0,1,1,0,0,0,0,0,0,0,0
xbIIIiMoOOO:0,1,1,1,1,1,1,1,1,0,1,0,1,1,1,1,1,1,1,1
xbIIIiMoOOo:0,1,1,1,1,1,1,1,1,0,1,0,1,1,0,0,0,0,0,0
xbIIIiMoOoO:0,1,1,1,1,1,1,1,1,0,1,0,1,0,1,1,1,1,1,1
xbIIIiMoOoo:0,1,1,1,1,1,1,1,1,0,1,0,1,0,0,0,0,0,0,0
xbIIIiMooOO:0,1,1,1,1,1,1,1,1,0,1,0,0,1,1,1,1,1,1,1
xbIIIiMooOo:0,1,1,1,1,1,1,1,1,0,1,0,0,1,0,0,0,0,0,0
xbIIIiMoooO:0,1,1,1,1,1,1,1,1,0,1,0,0,0,1,1,1,1,1,1
xbIIIiMoooo:0,1,1,1,1,1,1,1,1,0,1,0,0,0,0,0,0,0,0,0
xbIIIimOOOO:0,1,1,1,1,1,1,1,1,0,0,1,1,1,1,1,1,1,1,1
xbIIIimOOOo:0,1,1,1,1,1,1,1,1,0,0,1,1,1,0,0,0,0,0,0
xbIIIimOOoO:0,1,1,1,1,1,1,1,1,0,0,1,1,0,1,1,1,1,1,1
xbIIIimOOoo:0,1,1,1,1,1,1,1,1,0,0,1,1,0,0,0,0,0,0,0
xbIIIimOoOO:0,1,1,1,1,1,1,1,1,0,0,1,0,1,1,1,1,1,1,1
xbIIIimOoOo:0,1,1,1,1,1,1,1,1,0,0,1,0,1,0,0,0,0,0,0
xbIIIimOooO:0,1,1,1,1,1,1,1,1,0,0,1,0,0,1,1,1,1,1,1
xbIIIimOooo:0,1,1,1,1,1,1,1,1,0,0,1,0,0,0,0,0,0,0,0
xbIIIimoOOO:0,1,1,1,1,1,1,1,1,0,0,0,1,1,1,1,1,1,1,1
xbIIIimoOOo:0,1,1,1,1,1,1,1,1,0,0,0,1,1,0,0,0,0,0,0
xbIIIimoOoO:0,1,1,1,1,1,1,1,1,0,0,0,1,0,1,1,1,1,1,1
xbIIIimoOoo:0,1,1,1,1,1,1,1,1,0,0,0,1,0,0,0,0,0,0,0
xbIIIimooOO:0,1,1,1,1,1,1,1,1,0,0,0,0,1,1,1,1,1,1,1
xbIIIimooOo:0,1,1,1,1,1,1,1,1,0,0,0,0,1,0,0,0,0,0,0
xbIIIimoooO:0,1,1,1,1,1,1,1,1,0,0,0,0,0,1,1,1,1,1,1
xbIIIimoooo:0,1,1,1,1,1,1,1,1,0,0,0,0,0,0,0,0,0,0,0
xbIIiIMOOOO:0,1,1,1,1,1,1,1,0,1,1,1,1,1,1,1,1,1,1,1
xbIIiIMOOOo:0,1,1,1,1,1,1,1,0,1,1,1,1,1,0,0,0,0,0,0
xbIIiIMOOoO:0,1,1,1,1,1,1,1,0,1,1,1,1,0,1,1,1,1,1,1
xbIIiIMOOoo:0,1,1,1,1,1,1,1,0,1,1,1,1,0,0,0,0,0,0,0
xbIIiIMOoOO:0,1,1,1,1,1,1,1,0,1,1,1,0,1,1,1,1,1,1,1
xbIIiIMOoOo:0,1,1,1,1,1,1,1,0,1,1,1,0,1,0,0,0,0,0,0
xbIIiIMOooO:0,1,1,1,1,1,1,1,0,1,1,1,0,0,1,1,1,1,1,1
xbIIiIMOooo:0,1,1,1,1,1,1,1,0,1,1,1,0,0,0,0,0,0,0,0
xbIIiIMoOOO:0,1,1,1,1,1,1,1,0,1,1,0,1,1,1,1,1,1,1,1
xbIIiIMoOOo:0,1,1,1,1,1,1,1,0,1,1,0,1,1,0,0,0,0,0,0
xbIIiIMoOoO:0,1,1,1,1,1,1,1,0,1,1,0,1,0,1,1,1,1,1,1
xbIIiIMoOoo:0,1,1,1,1,1,1,1,0,1,1,0,1,0,0,0,0,0,0,0
xbIIiIMooOO:0,1,1,1,1,1,1,1,0,1,1,0,0,1,1,1,1,1,1,1
xbIIiIMooOo:0,1,1,1,1,1,1,1,0,1,1,0,0,1,0,0,0,0,0,0
xbIIiIMoooO:0,1,1,1,1,1,1,1,0,1,1,0,0,0,1,1,1,1,1,1
xbIIiIMoooo:0,1,1,1,1,1,1,1,0,1,1,0,0,0,0,0,0,0,0,0
xbIIiImOOOO:0,1,1,1,1,1,1,1,0,1,0,1,1,1,1,1,1,1,1,1
xbIIiImOOOo:0,1,1,1,1,1,1,1,0,1,0,1,1,1,0,0,0,0,0,0
xbIIiImOOoO:0,1,1,1,1,1,1,1,0,1,0,1,1,0,1,1,1,1,1,1
xbIIiImOOoo:0,1,1,1,1,1,1,1,0,1,0,1,1,0,0,0,0,0,0,0
xbIIiImOoOO:0,1,1,1,1,1,1,1,0,1,0,1,0,1,1,1,1,1,1,1
xbIIiImOoOo:0,1,1,1,1,1,1,1,0,1,0,1,0,1,0,0,0,0,0,0
xbIIiImOooO:0,1,1,1,1,1,1,1,0,1,0,1,0,0,1,1,1,1,1,1
xbIIiImOooo:0,1,1,1,1,1,1,1,0,1,0,1,0,0,0,0,0,0,0,0
xbIIiImoOOO:0,1,1,1,1,1,1,1,0,1,0,0,1,1,1,1,1,1,1,1
xbIIiImoOOo:0,1,1,1,1,1,1,1,0,1,0,0,1,1,0,0,0,0,0,0
xbIIiImoOoO:0,1,1,1,1,1,1,1,0,1,0,0,1,0,1,1,1,1,1,1
xbIIiImoOoo:0,1,1,1,1,1,1,1,0,1,0,0,1,0,0,0,0,0,0,0
xbIIiImooOO:0,1,1,1,1,1,1,1,0,1,0,0,0,1,1,1,1,1,1,1
xbIIiImooOo:0,1,1,1,1,1,1,1,0,1,0,0,0,1,0,0,0,0,0,0
xbIIiImoooO:0,1,1,1,1,1,1,1,0,1,0,0,0,0,1,1,1,1,1,1
xbIIiImoooo:0,1,1,1,1,1,1,1,0,1,0,0,0,0,0,0,0,0,0,0
xbIIiiMOOOO:0,1,1,1,1,1,1,1,0,0,1,1,1,1,1,1,1,1,1,1
xbIIiiMOOOo:0,1,1,1,1,1,1,1,0,0,1,1,1,1,0,0,0,0,0,0
xbIIiiMOOoO:0,1,1,1,1,1,1,1,0,0,1,1,1,0,1,1,1,1,1,1
xbIIiiMOOoo:0,1,1,1,1,1,1,1,0,0,1,1,1,0,0,0,0,0,0,0
xbIIiiMOoOO:0,1,1,1,1,1,1,1,0,0,1,1,0,1,1,1,1,1,1,1
xbIIiiMOoOo:0,1,1,1,1,1,1,1,0,0,1,1,0,1,0,0,0,0,0,0
xbIIiiMOooO:0,1,1,1,1,1,1,1,0,0,1,1,0,0,1,1,1,1,1,1
xbIIiiMOooo:0,1,1,1,1,1,1,1,0,0,1,1,0,0,0,0,0,0,0,0
xbIIiiMoOOO:0,1,1,1,1,1,1,1,0,0,1,0,1,1,1,1,1,1,1,1
xbIIiiMoOOo:0,1,1,1,1,1,1,1,0,0,1,0,1,1,0,0,0,0,0,0
xbIIiiMoOoO:0,1,1,1,1,1,1,1,0,0,1,0,1,0,1,1,1,1,1,1
xbIIiiMoOoo:0,1,1,1,1,1,1,1,0,0,1,0,1,0,0,0,0,0,0,0
xbIIiiMooOO:0,1,1,1,1,1,1,1,0,0,1,0,0,1,1,1,1,1,1,1
xbIIiiMooOo:0,1,1,1,1,1,1,1,0,0,1,0,0,1,0,0,0,0,0,0
xbIIiiMoooO:0,1,1,1,1,1,1,1,0,0,1,0,0,0,1,1,1,1,1,1
xbIIiiMoooo:0,1,1,1,1,1,1,1,0,0,1,0,0,0,0,0,0,0,0,0
xbIIiimOOOO:0,1,1,1,1,1,1,1,0,0,0,1,1,1,1,1,1,1,1,1
xbIIiimOOOo:0,1,1,1,1,1,1,1,0,0,0,1,1,1,0,0,0,0,0,0
xbIIiimOOoO:0,1,1,1,1,1,1,1,0,0,0,1,1,0,1,1,1,1,1,1
xbIIiimOOoo:0,1,1,1,1,1,1,1,0,0,0,1,1,0,0,0,0,0,0,0
xbIIiimOoOO:0,1,1,1,1,1,1,1,0,0,0,1,0,1,1,1,1,1,1,1
xbIIiimOoOo:0,1,1,1,1,1,1,1,0,0,0,1,0,1,0,0,0,0,0,0
xbIIiimOooO:0,1,1,1,1,1,1,1,0,0,0,1,0,0,1,1,1,1,1,1
xbIIiimOooo:0,1,1,1,1,1,1,1,0,0,0,1,0,0,0,0,0,0,0,0
xbIIiimoOOO:0,1,1,1,1,1,1,1,0,0,0,0,1,1,1,1,1,1,1,1
xbIIiimoOOo:0,1,1,1,1,1,1,1,0,0,0,0,1,1,0,0,0,0,0,0
xbIIiimoOoO:0,1,1,1,1,1,1,1,0,0,0,0,1,0,1,1,1,1,1,1
xbIIiimoOoo:0,1,1,1,1,1,1,1,0,0,0,0,1,0,0,0,0,0,0,0
xbIIiimooOO:0,1,1,1,1,1,1,1,0,0,0,0,0,1,1,1,1,1,1,1
xbIIiimooOo:0,1,1,1,1,1,1,1,0,0,0,0,0,1,0,0,0,0,0,0
xbIIiimoooO:0,1,1,1,1,1,1,1,0,0,0,0,0,0,1,1,1,1,1,1
xbIIiimoooo:0,1,1,1,1,1,1,1,0,0,0,0,0,0,0,0,0,0,0,0
xbIiIIMOOOO:0,1,1,1,1,1,0,0,1,1,1,1,1,1,1,1,1,1,1,1
xbIiIIMOOOo:0,1,1,1,1,1,0,0,1,1,1,1,1,1,0,0,0,0,0,0
xbIiIIMOOoO:0,1,1,1,1,1,0,0,1,1,1,1,1,0,1,1,1,1,1,1
xbIiIIMOOoo:0,1,1,1,1,1,0,0,1,1,1,1,1,0,0,0,0,0,0,0
xbIiIIMOoOO:0,1,1,1,1,1,0,0,1,1,1,1,0,1,1,1,1,1,1,1
xbIiIIMOoOo:0,1,1,1,1,1,0,0,1,1,1,1,0,1,0,0,0,0,0,0
xbIiIIMOooO:0,1,1,1,1,1,0,0,1,1,1,1,0,0,1,1,1,1,1,1
xbIiIIMOooo:0,1,1,1,1,1,0,0,1,1,1,1,0,0,0,0,0,0,0,0
xbIiIIMoOOO:0,1,1,1,1,1,0,0,1,1,1,0,1,1,1,1,1,1,1,1
xbIiIIMoOOo:0,1,1,1,1,1,0,0,1,1,1,0,1,1,0,0,0,0,0,0
xbIiIIMoOoO:0,1,1,1,1,1,0,0,1,1,1,0,1,0,1,1,1,1,1,1
xbIiIIMoOoo:0,1,1,1,1,1,0,0,1,1,1,0,1,0,0,0,0,0,0,0
xbIiIIMooOO:0,1,1,1,1,1,0,0,1,1,1,0,0,1,1,1,1,1,1,1
xbIiIIMooOo:0,1,1,1,1,1,0,0,1,1,1,0,0,1,0,0,0,0,0,0
xbIiIIMoooO:0,1,1,1,1,1,0,0,1,1,1,0,0,0,1,1,1,1,1,1
xbIiIIMoooo:0,1,1,1,1,1,0,0,1,1,1,0,0,0,0,0,0,0,0,0
xbIiIImOOOO:0,1,1,1,1,1,0,0,1,1,0,1,1,1,1,1,1,1,1,1
xbIiIImOOOo:0,1,1,1,1,1,0,0,1,1,0,1,1,1,0,0,0,0,0,0
xbIiIImOOoO:0,1,1,1,1,1,0,0,1,1,0,1,1,0,1,1,1,1,1,1
xbIiIImOOoo:0,1,1,1,1,1,0,0,1,1,0,1,1,0,0,0,0,0,0,0
xbIiIImOoOO:0,1,1,1,1,1,0,0,1,1,0,1,0,1,1,1,1,1,1,1
xbIiIImOoOo:0,1,1,1,1,1,0,0,1,1,0,1,0,1,0,0,0,0,0,0
xbIiIImOooO:0,1,1,1,1,1,0,0,1,1,0,1,0,0,1,1,1,1,1,1
xbIiIImOooo:0,1,1,1,1,1,0,0,1,1,0,1,0,0,0,0,0,0,0,0
xbIiIImoOOO:0,1,1,1,1,1,0,0,1,1,0,0,1,1,1,1,1,1,1,1
xbIiIImoOOo:0,1,1,1,1,1,0,0,1,1,0,0,1,1,0,0,0,0,0,0
xbIiIImoOoO:0,1,1,1,1,1,0,0,1,1,0,0,1,0,1,1,1,1,1,1
xbIiIImoOoo:0,1,1,1,1,1,0,0,1,1,0,0,1,0,0,0,0,0,0,0
xbIiIImooOO:0,1,1,1,1,1,0,0,1,1,0,0,0,1,1,1,1,1,1,1
xbIiIImooOo:0,1,1,1,1,1,0,0,1,1,0,0,0,1,0,0,0,0,0,0
xbIiIImoooO:0,1,1,1,1,1,0,0,1,1,0,0,0,0,1,1,1,1,1,1
xbIiIImoooo:0,1,1,1,1,1,0,0,1,1,0,0,0,0,0,0,0,0,0,0
xbIiIiMOOOO:0,1,1,1,1,1,0,0,1,0,1,1,1,1,1,1,1,1,1,1
xbIiIiMOOOo:0,1,1,1,1,1,0,0,1,0,1,1,1,1,0,0,0,0,0,0
xbIiIiMOOoO:0,1,1,1,1,1,0,0,1,0,1,1,1,0,1,1,1,1,1,1
xbIiIiMOOoo:0,1,1,1,1,1,0,0,1,0,1,1,1,0,0,0,0,0,0,0
xbIiIiMOoOO:0,1,1,1,1,1,0,0,1,0,1,1,0,1,1,1,1,1,1,1
xbIiIiMOoOo:0,1,1,1,1,1,0,0,1,0,1,1,0,1,0,0,0,0,0,0
xbIiIiMOooO:0,1,1,1,1,1,0,0,1,0,1,1,0,0,1,1,1,1,1,1
xbIiIiMOooo:0,1,1,1,1,1,0,0,1,0,1,1,0,0,0,0,0,0,0,0
xbIiIiMoOOO:0,1,1,1,1,1,0,0,1,0,1,0,1,1,1,1,1,1,1,1
xbIiIiMoOOo:0,1,1,1,1,1,0,0,1,0,1,0,1,1,0,0,0,0,0,0
xbIiIiMoOoO:0,1,1,1,1,1,0,0,1,0,1,0,1,0,1,1,1,1,1,1
xbIiIiMoOoo:0,1,1,1,1,1,0,0,1,0,1,0,1,0,0,0,0,0,0,0
xbIiIiMooOO:0,1,1,1,1,1,0,0,1,0,1,0,0,1,1,1,1,1,1,1
xbIiIiMooOo:0,1,1,1,1,1,0,0,1,0,1,0,0,1,0,0,0,0,0,0
xbIiIiMoooO:0,1,1,1,1,1,0,0,1,0,1,0,0,0,1,1,1,1,1,1
xbIiIiMoooo:0,1,1,1,1,1,0,0,1,0,1,0,0,0,0,0,0,0,0,0
xbIiIimOOOO:0,1,1,1,1,1,0,0,1,0,0,1,1,1,1,1,1,1,1,1
xbIiIimOOOo:0,1,1,1,1,1,0,0,1,0,0,1,1,1,0,0,0,0,0,0
xbIiIimOOoO:0,1,1,1,1,1,0,0,1,0,0,1,1,0,1,1,1,1,1,1
xbIiIimOOoo:0,1,1,1,1,1,0,0,1,0,0,1,1,0,0,0,0,0,0,0
xbIiIimOoOO:0,1,1,1,1,1,0,0,1,0,0,1,0,1,1,1,1,1,1,1
xbIiIimOoOo:0,1,1,1,1,1,0,0,1,0,0,1,0,1,0,0,0,0,0,0
xbIiIimOooO:0,1,1,1,1,1,0,0,1,0,0,1,0,0,1,1,1,1,1,1
xbIiIimOooo:0,1,1,1,1,1,0,0,1,0,0,1,0,0,0,0,0,0,0,0
xbIiIimoOOO:0,1,1,1,1,1,0,0,1,0,0,0,1,1,1,1,1,1,1,1
xbIiIimoOOo:0,1,1,1,1,1,0,0,1,0,0,0,1,1,0,0,0,0,0,0
xbIiIimoOoO:0,1,1,1,1,1,0,0,1,0,0,0,1,0,1,1,1,1,1,1
xbIiIimoOoo:0,1,1,1,1,1,0,0,1,0,0,0,1,0,0,0,0,0,0,0
xbIiIimooOO:0,1,1,1,1,1,0,0,1,0,0,0,0,1,1,1,1,1,1,1
xbIiIimooOo:0,1,1,1,1,1,0,0,1,0,0,0,0,1,0,0,0,0,0,0
xbIiIimoooO:0,1,1,1,1,1,0,0,1,0,0,0,0,0,1,1,1,1,1,1
xbIiIimoooo:0,1,1,1,1,1,0,0,1,0,0,0,0,0,0,0,0,0,0,0
xbIiiIMOOOO:0,1,1,1,1,1,0,0,0,1,1,1,1,1,1,1,1,1,1,1
xbIiiIMOOOo:0,1,1,1,1,1,0,0,0,1,1,1,1,1,0,0,0,0,0,0
xbIiiIMOOoO:0,1,1,1,1,1,0,0,0,1,1,1,1,0,1,1,1,1,1,1
xbIiiIMOOoo:0,1,1,1,1,1,0,0,0,1,1,1,1,0,0,0,0,0,0,0
xbIiiIMOoOO:0,1,1,1,1,1,0,0,0,1,1,1,0,1,1,1,1,1,1,1
xbIiiIMOoOo:0,1,1,1,1,1,0,0,0,1,1,1,0,1,0,0,0,0,0,0
xbIiiIMOooO:0,1,1,1,1,1,0,0,0,1,1,1,0,0,1,1,1,1,1,1
xbIiiIMOooo:0,1,1,1,1,1,0,0,0,1,1,1,0,0,0,0,0,0,0,0
xbIiiIMoOOO:0,1,1,1,1,1,0,0,0,1,1,0,1,1,1,1,1,1,1,1
xbIiiIMoOOo:0,1,1,1,1,1,0,0,0,1,1,0,1,1,0,0,0,0,0,0
xbIiiIMoOoO:0,1,1,1,1,1,0,0,0,1,1,0,1,0,1,1,1,1,1,1
xbIiiIMoOoo:0,1,1,1,1,1,0,0,0,1,1,0,1,0,0,0,0,0,0,0
xbIiiIMooOO:0,1,1,1,1,1,0,0,0,1,1,0,0,1,1,1,1,1,1,1
xbIiiIMooOo:0,1,1,1,1,1,0,0,0,1,1,0,0,1,0,0,0,0,0,0
xbIiiIMoooO:0,1,1,1,1,1,0,0,0,1,1,0,0,0,1,1,1,1,1,1
xbIiiIMoooo:0,1,1,1,1,1,0,0,0,1,1,0,0,0,0,0,0,0,0,0
xbIiiImOOOO:0,1,1,1,1,1,0,0,0,1,0,1,1,1,1,1,1,1,1,1
xbIiiImOOOo:0,1,1,1,1,1,0,0,0,1,0,1,1,1,0,0,0,0,0,0
xbIiiImOOoO:0,1,1,1,1,1,0,0,0,1,0,1,1,0,1,1,1,1,1,1
xbIiiImOOoo:0,1,1,1,1,1,0,0,0,1,0,1,1,0,0,0,0,0,0,0
xbIiiImOoOO:0,1,1,1,1,1,0,0,0,1,0,1,0,1,1,1,1,1,1,1
xbIiiImOoOo:0,1,1,1,1,1,0,0,0,1,0,1,0,1,0,0,0,0,0,0
xbIiiImOooO:0,1,1,1,1,1,0,0,0,1,0,1,0,0,1,1,1,1,1,1
xbIiiImOooo:0,1,1,1,1,1,0,0,0,1,0,1,0,0,0,0,0,0,0,0
xbIiiImoOOO:0,1,1,1,1,1,0,0,0,1,0,0,1,1,1,1,1,1,1,1
xbIiiImoOOo:0,1,1,1,1,1,0,0,0,1,0,0,1,1,0,0,0,0,0,0
xbIiiImoOoO:0,1,1,1,1,1,0,0,0,1,0,0,1,0,1,1,1,1,1,1
xbIiiImoOoo:0,1,1,1,1,1,0,0,0,1,0,0,1,0,0,0,0,0,0,0
xbIiiImooOO:0,1,1,1,1,1,0,0,0,1,0,0,0,1,1,1,1,1,1,1
xbIiiImooOo:0,1,1,1,1,1,0,0,0,1,0,0,0,1,0,0,0,0,0,0
xbIiiImoooO:0,1,1,1,1,1,0,0,0,1,0,0,0,0,1,1,1,1,1,1
xbIiiImoooo:0,1,1,1,1,1,0,0,0,1,0,0,0,0,0,0,0,0,0,0
xbIiiiMOOOO:0,1,1,1,1,1,0,0,0,0,1,1,1,1,1,1,1,1,1,1
xbIiiiMOOOo:0,1,1,1,1,1,0,0,0,0,1,1,1,1,0,0,0,0,0,0
xbIiiiMOOoO:0,1,1,1,1,1,0,0,0,0,1,1,1,0,1,1,1,1,1,1
xbIiiiMOOoo:0,1,1,1,1,1,0,0,0,0,1,1,1,0,0,0,0,0,0,0
xbIiiiMOoOO:0,1,1,1,1,1,0,0,0,0,1,1,0,1,1,1,1,1,1,1
xbIiiiMOoOo:0,1,1,1,1,1,0,0,0,0,1,1,0,1,0,0,0,0,0,0
xbIiiiMOooO:0,1,1,1,1,1,0,0,0,0,1,1,0,0,1,1,1,1,1,1
xbIiiiMOooo:0,1,1,1,1,1,0,0,0,0,1,1,0,0,0,0,0,0,0,0
xbIiiiMoOOO:0,1,1,1,1,1,0,0,0,0,1,0,1,1,1,1,1,1,1,1
xbIiiiMoOOo:0,1,1,1,1,1,0,0,0,0,1,0,1,1,0,0,0,0,0,0
xbIiiiMoOoO:0,1,1,1,1,1,0,0,0,0,1,0,1,0,1,1,1,1,1,1
xbIiiiMoOoo:0,1,1,1,1,1,0,0,0,0,1,0,1,0,0,0,0,0,0,0
xbIiiiMooOO:0,1,1,1,1,1,0,0,0,0,1,0,0,1,1,1,1,1,1,1
xbIiiiMooOo:0,1,1,1,1,1,0,0,0,0,1,0,0,1,0,0,0,0,0,0
xbIiiiMoooO:0,1,1,1,1,1,0,0,0,0,1,0,0,0,1,1,1,1,1,1
xbIiiiMoooo:0,1,1,1,1,1,0,0,0,0,1,0,0,0,0,0,0,0,0,0
xbIiiimOOOO:0,1,1,1,1,1,0,0,0,0,0,1,1,1,1,1,1,1,1,1
xbIiiimOOOo:0,1,1,1,1,1,0,0,0,0,0,1,1,1,0,0,0,0,0,0
xbIiiimOOoO:0,1,1,1,1,1,0,0,0,0,0,1,1,0,1,1,1,1,1,1
xbIiiimOOoo:0,1,1,1,1,1,0,0,0,0,0,1,1,0,0,0,0,0,0,0
xbIiiimOoOO:0,1,1,1,1,1,0,0,0,0,0,1,0,1,1,1,1,1,1,1
xbIiiimOoOo:0,1,1,1,1,1,0,0,0,0,0,1,0,1,0,0,0,0,0,0
xbIiiimOooO:0,1,1,1,1,1,0,0,0,0,0,1,0,0,1,1,1,1,1,1
xbIiiimOooo:0,1,1,1,1,1,0,0,0,0,0,1,0,0,0,0,0,0,0,0
xbIiiimoOOO:0,1,1,1,1,1,0,0,0,0,0,0,1,1,1,1,1,1,1,1
xbIiiimoOOo:0,1,1,1,1,1,0,0,0,0,0,0,1,1,0,0,0,0,0,0
xbIiiimoOoO:0,1,1,1,1,1,0,0,0,0,0,0,1,0,1,1,1,1,1,1
xbIiiimoOoo:0,1,1,1,1,1,0,0,0,0,0,0,1,0,0,0,0,0,0,0
xbIiiimooOO:0,1,1,1,1,1,0,0,0,0,0,0,0,1,1,1,1,1,1,1
xbIiiimooOo:0,1,1,1,1,1,0,0,0,0,0,0,0,1,0,0,0,0,0,0
xbIiiimoooO:0,1,1,1,1,1,0,0,0,0,0,0,0,0,1,1,1,1,1,1
xbIiiimoooo:0,1,1,1,1,1,0,0,0,0,0,0,0,0,0,0,0,0,0,0
xbiIIIMOOOO:0,0,0,0,0,0,1,1,1,1,1,1,1,1,1,1,1,1,1,1
xbiIIIMOOOo:0,0,0,0,0,0,1,1,1,1,1,1,1,1,0,0,0,0,0,0
xbiIIIMOOoO:0,0,0,0,0,0,1,1,1,1,1,1,1,0,1,1,1,1,1,1
xbiIIIMOOoo:0,0,0,0,0,0,1,1,1,1,1,1,1,0,0,0,0,0,0,0
xbiIIIMOoOO:0,0,0,0,0,0,1,1,1,1,1,1,0,1,1,1,1,1,1,1
xbiIIIMOoOo:0,0,0,0,0,0,1,1,1,1,1,1,0,1,0,0,0,0,0,0
xbiIIIMOooO:0,0,0,0,0,0,1,1,1,1,1,1,0,0,1,1,1,1,1,1
xbiIIIMOooo:0,0,0,0,0,0,1,1,1,1,1,1,0,0,0,0,0,0,0,0
xbiIIIMoOOO:0,0,0,0,0,0,1,1,1,1,1,0,1,1,1,1,1,1,1,1
xbiIIIMoOOo:0,0,0,0,0,0,1,1,1,1,1,0,1,1,0,0,0,0,0,0
xbiIIIMoOoO:0,0,0,0,0,0,1,1,1,1,1,0,1,0,1,1,1,1,1,1
xbiIIIMoOoo:0,0,0,0,0,0,1,1,1,1,1,0,1,0,0,0,0,0,0,0
xbiIIIMooOO:0,0,0,0,0,0,1,1,1,1,1,0,0,1,1,1,1,1,1,1
xbiIIIMooOo:0,0,0,0,0,0,1,1,1,1,1,0,0,1,0,0,0,0,0,0
xbiIIIMoooO:0,0,0,0,0,0,1,1,1,1,1,0,0,0,1,1,1,1,1,1
xbiIIIMoooo:0,0,0,0,0,0,1,1,1,1,1,0,0,0,0,0,0,0,0,0
xbiIIImOOOO:0,0,0,0,0,0,1,1,1,1,0,1,1,1,1,1,1,1,1,1
xbiIIImOOOo:0,0,0,0,0,0,1,1,1,1,0,1,1,1,0,0,0,0,0,0
xbiIIImOOoO:0,0,0,0,0,0,1,1,1,1,0,1,1,0,1,1,1,1,1,1
xbiIIImOOoo:0,0,0,0,0,0,1,1,1,1,0,1,1,0,0,0,0,0,0,0
xbiIIImOoOO:0,0,0,0,0,0,1,1,1,1,0,1,0,1,1,1,1,1,1,1
xbiIIImOoOo:0,0,0,0,0,0,1,1,1,1,0,1,0,1,0,0,0,0,0,0
xbiIIImOooO:0,0,0,0,0,0,1,1,1,1,0,1,0,0,1,1,1,1,1,1
xbiIIImOooo:0,0,0,0,0,0,1,1,1,1,0,1,0,0,0,0,0,0,0,0
xbiIIImoOOO:0,0,0,0,0,0,1,1,1,1,0,0,1,1,1,1,1,1,1,1
xbiIIImoOOo:0,0,0,0,0,0,1,1,1,1,0,0,1,1,0,0,0,0,0,0
xbiIIImoOoO:0,0,0,0,0,0,1,1,1,1,0,0,1,0,1,1,1,1,1,1
xbiIIImoOoo:0,0,0,0,0,0,1,1,1,1,0,0,1,0,0,0,0,0,0,0
xbiIIImooOO:0,0,0,0,0,0,1,1,1,1,0,0,0,1,1,1,1,1,1,1
xbiIIImooOo:0,0,0,0,0,0,1,1,1,1,0,0,0,1,0,0,0,0,0,0
xbiIIImoooO:0,0,0,0,0,0,1,1,1,1,0,0,0,0,1,1,1,1,1,1
xbiIIImoooo:0,0,0,0,0,0,1,1,1,1,0,0,0,0,0,0,0,0,0,0
xbiIIiMOOOO:0,0,0,0,0,0,1,1,1,0,1,1,1,1,1,1,1,1,1,1
xbiIIiMOOOo:0,0,0,0,0,0,1,1,1,0,1,1,1,1,0,0,0,0,0,0
xbiIIiMOOoO:0,0,0,0,0,0,1,1,1,0,1,1,1,0,1,1,1,1,1,1
xbiIIiMOOoo:0,0,0,0,0,0,1,1,1,0,1,1,1,0,0,0,0,0,0,0
xbiIIiMOoOO:0,0,0,0,0,0,1,1,1,0,1,1,0,1,1,1,1,1,1,1
xbiIIiMOoOo:0,0,0,0,0,0,1,1,1,0,1,1,0,1,0,0,0,0,0,0
xbiIIiMOooO:0,0,0,0,0,0,1,1,1,0,1,1,0,0,1,1,1,1,1,1
xbiIIiMOooo:0,0,0,0,0,0,1,1,1,0,1,1,0,0,0,0,0,0,0,0
xbiIIiMoOOO:0,0,0,0,0,0,1,1,1,0,1,0,1,1,1,1,1,1,1,1
xbiIIiMoOOo:0,0,0,0,0,0,1,1,1,0,1,0,1,1,0,0,0,0,0,0
xbiIIiMoOoO:0,0,0,0,0,0,1,1,1,0,1,0,1,0,1,1,1,1,1,1
xbiIIiMoOoo:0,0,0,0,0,0,1,1,1,0,1,0,1,0,0,0,0,0,0,0
xbiIIiMooOO:0,0,0,0,0,0,1,1,1,0,1,0,0,1,1,1,1,1,1,1
xbiIIiMooOo:0,0,0,0,0,0,1,1,1,0,1,0,0,1,0,0,0,0,0,0
xbiIIiMoooO:0,0,0,0,0,0,1,1,1,0,1,0,0,0,1,1,1,1,1,1
xbiIIiMoooo:0,0,0,0,0,0,1,1,1,0,1,0,0,0,0,0,0,0,0,0
xbiIIimOOOO:0,0,0,0,0,0,1,1,1,0,0,1,1,1,1,1,1,1,1,1
xbiIIimOOOo:0,0,0,0,0,0,1,1,1,0,0,1,1,1,0,0,0,0,0,0
xbiIIimOOoO:0,0,0,0,0,0,1,1,1,0,0,1,1,0,1,1,1,1,1,1
xbiIIimOOoo:0,0,0,0,0,0,1,1,1,0,0,1,1,0,0,0,0,0,0,0
xbiIIimOoOO:0,0,0,0,0,0,1,1,1,0,0,1,0,1,1,1,1,1,1,1
xbiIIimOoOo:0,0,0,0,0,0,1,1,1,0,0,1,0,1,0,0,0,0,0,0
xbiIIimOooO:0,0,0,0,0,0,1,1,1,0,0,1,0,0,1,1,1,1,1,1
xbiIIimOooo:0,0,0,0,0,0,1,1,1,0,0,1,0,0,0,0,0,0,0,0
xbiIIimoOOO:0,0,0,0,0,0,1,1,1,0,0,0,1,1,1,1,1,1,1,1
xbiIIimoOOo:0,0,0,0,0,0,1,1,1,0,0,0,1,1,0,0,0,0,0,0
xbiIIimoOoO:0,0,0,0,0,0,1,1,1,0,0,0,1,0,1,1,1,1,1,1
xbiIIimoOoo:0,0,0,0,0,0,1,1,1,0,0,0,1,0,0,0,0,0,0,0
xbiIIimooOO:0,0,0,0,0,0,1,1,1,0,0,0,0,1,1,1,1,1,1,1
xbiIIimooOo:0,0,0,0,0,0,1,1,1,0,0,0,0,1,0,0,0,0,0,0
xbiIIimoooO:0,0,0,0,0,0,1,1,1,0,0,0,0,0,1,1,1,1,1,1
xbiIIimoooo:0,0,0,0,0,0,1,1,1,0,0,0,0,0,0,0,0,0,0,0
xbiIiIMOOOO:0,0,0,0,0,0,1,1,0,1,1,1,1,1,1,1,1,1,1,1
xbiIiIMOOOo:0,0,0,0,0,0,1,1,0,1,1,1,1,1,0,0,0,0,0,0
xbiIiIMOOoO:0,0,0,0,0,0,1,1,0,1,1,1,1,0,1,1,1,1,1,1
xbiIiIMOOoo:0,0,0,0,0,0,1,1,0,1,1,1,1,0,0,0,0,0,0,0
xbiIiIMOoOO:0,0,0,0,0,0,1,1,0,1,1,1,0,1,1,1,1,1,1,1
xbiIiIMOoOo:0,0,0,0,0,0,1,1,0,1,1,1,0,1,0,0,0,0,0,0
xbiIiIMOooO:0,0,0,0,0,0,1,1,0,1,1,1,0,0,1,1,1,1,1,1
xbiIiIMOooo:0,0,0,0,0,0,1,1,0,1,1,1,0,0,0,0,0,0,0,0
xbiIiIMoOOO:0,0,0,0,0,0,1,1,0,1,1,0,1,1,1,1,1,1,1,1
xbiIiIMoOOo:0,0,0,0,0,0,1,1,0,1,1,0,1,1,0,0,0,0,0,0
xbiIiIMoOoO:0,0,0,0,0,0,1,1,0,1,1,0,1,0,1,1,1,1,1,1
xbiIiIMoOoo:0,0,0,0,0,0,1,1,0,1,1,0,1,0,0,0,0,0,0,0
xbiIiIMooOO:0,0,0,0,0,0,1,1,0,1,1,0,0,1,1,1,1,1,1,1
xbiIiIMooOo:0,0,0,0,0,0,1,1,0,1,1,0,0,1,0,0,0,0,0,0
xbiIiIMoooO:0,0,0,0,0,0,1,1,0,1,1,0,0,0,1,1,1,1,1,1
xbiIiIMoooo:0,0,0,0,0,0,1,1,0,1,1,0,0,0,0,0,0,0,0,0
xbiIiImOOOO:0,0,0,0,0,0,1,1,0,1,0,1,1,1,1,1,1,1,1,1
xbiIiImOOOo:0,0,0,0,0,0,1,1,0,1,0,1,1,1,0,0,0,0,0,0
xbiIiImOOoO:0,0,0,0,0,0,1,1,0,1,0,1,1,0,1,1,1,1,1,1
xbiIiImOOoo:0,0,0,0,0,0,1,1,0,1,0,1,1,0,0,0,0,0,0,0
xbiIiImOoOO:0,0,0,0,0,0,1,1,0,1,0,1,0,1,1,1,1,1,1,1
xbiIiImOoOo:0,0,0,0,0,0,1,1,0,1,0,1,0,1,0,0,0,0,0,0
xbiIiImOooO:0,0,0,0,0,0,1,1,0,1,0,1,0,0,1,1,1,1,1,1
xbiIiImOooo:0,0,0,0,0,0,1,1,0,1,0,1,0,0,0,0,0,0,0,0
xbiIiImoOOO:0,0,0,0,0,0,1,1,0,1,0,0,1,1,1,1,1,1,1,1
xbiIiImoOOo:0,0,0,0,0,0,1,1,0,1,0,0,1,1,0,0,0,0,0,0
xbiIiImoOoO:0,0,0,0,0,0,1,1,0,1,0,0,1,0,1,1,1,1,1,1
xbiIiImoOoo:0,0,0,0,0,0,1,1,0,1,0,0,1,0,0,0,0,0,0,0
xbiIiImooOO:0,0,0,0,0,0,1,1,0,1,0,0,0,1,1,1,1,1,1,1
xbiIiImooOo:0,0,0,0,0,0,1,1,0,1,0,0,0,1,0,0,0,0,0,0
xbiIiImoooO:0,0,0,0,0,0,1,1,0,1,0,0,0,0,1,1,1,1,1,1
xbiIiImoooo:0,0,0,0,0,0,1,1,0,1,0,0,0,0,0,0,0,0,0,0
xbiIiiMOOOO:0,0,0,0,0,0,1,1,0,0,1,1,1,1,1,1,1,1,1,1
xbiIiiMOOOo:0,0,0,0,0,0,1,1,0,0,1,1,1,1,0,0,0,0,0,0
xbiIiiMOOoO:0,0,0,0,0,0,1,1,0,0,1,1,1,0,1,1,1,1,1,1
xbiIiiMOOoo:0,0,0,0,0,0,1,1,0,0,1,1,1,0,0,0,0,0,0,0
xbiIiiMOoOO:0,0,0,0,0,0,1,1,0,0,1,1,0,1,1,1,1,1,1,1
xbiIiiMOoOo:0,0,0,0,0,0,1,1,0,0,1,1,0,1,0,0,0,0,0,0
xbiIiiMOooO:0,0,0,0,0,0,1,1,0,0,1,1,0,0,1,1,1,1,1,1
xbiIiiMOooo:0,0,0,0,0,0,1,1,0,0,1,1,0,0,0,0,0,0,0,0
xbiIiiMoOOO:0,0,0,0,0,0,1,1,0,0,1,0,1,1,1,1,1,1,1,1
xbiIiiMoOOo:0,0,0,0,0,0,1,1,0,0,1,0,1,1,0,0,0,0,0,0
xbiIiiMoOoO:0,0,0,0,0,0,1,1,0,0,1,0,1,0,1,1,1,1,1,1
xbiIiiMoOoo:0,0,0,0,0,0,1,1,0,0,1,0,1,0,0,0,0,0,0,0
xbiIiiMooOO:0,0,0,0,0,0,1,1,0,0,1,0,0,1,1,1,1,1,1,1
xbiIiiMooOo:0,0,0,0,0,0,1,1,0,0,1,0,0,1,0,0,0,0,0,0
xbiIiiMoooO:0,0,0,0,0,0,1,1,0,0,1,0,0,0,1,1,1,1,1,1
xbiIiiMoooo:0,0,0,0,0,0,1,1,0,0,1,0,0,0,0,0,0,0,0,0
xbiIiimOOOO:0,0,0,0,0,0,1,1,0,0,0,1,1,1,1,1,1,1,1,1
xbiIiimOOOo:0,0,0,0,0,0,1,1,0,0,0,1,1,1,0,0,0,0,0,0
xbiIiimOOoO:0,0,0,0,0,0,1,1,0,0,0,1,1,0,1,1,1,1,1,1
xbiIiimOOoo:0,0,0,0,0,0,1,1,0,0,0,1,1,0,0,0,0,0,0,0
xbiIiimOoOO:0,0,0,0,0,0,1,1,0,0,0,1,0,1,1,1,1,1,1,1
xbiIiimOoOo:0,0,0,0,0,0,1,1,0,0,0,1,0,1,0,0,0,0,0,0
xbiIiimOooO:0,0,0,0,0,0,1,1,0,0,0,1,0,0,1,1,1,1,1,1
xbiIiimOooo:0,0,0,0,0,0,1,1,0,0,0,1,0,0,0,0,0,0,0,0
xbiIiimoOOO:0,0,0,0,0,0,1,1,0,0,0,0,1,1,1,1,1,1,1,1
xbiIiimoOOo:0,0,0,0,0,0,1,1,0,0,0,0,1,1,0,0,0,0,0,0
xbiIiimoOoO:0,0,0,0,0,0,1,1,0,0,0,0,1,0,1,1,1,1,1,1
xbiIiimoOoo:0,0,0,0,0,0,1,1,0,0,0,0,1,0,0,0,0,0,0,0
xbiIiimooOO:0,0,0,0,0,0,1,1,0,0,0,0,0,1,1,1,1,1,1,1
xbiIiimooOo:0,0,0,0,0,0,1,1,0,0,0,0,0,1,0,0,0,0,0,0
xbiIiimoooO:0,0,0,0,0,0,1,1,0,0,0,0,0,0,1,1,1,1,1,1
xbiIiimoooo:0,0,0,0,0,0,1,1,0,0,0,0,0,0,0,0,0,0,0,0
xbiiIIMOOOO:0,0,0,0,0,0,0,0,1,1,1,1,1,1,1,1,1,1,1,1
xbiiIIMOOOo:0,0,0,0,0,0,0,0,1,1,1,1,1,1,0,0,0,0,0,0
xbiiIIMOOoO:0,0,0,0,0,0,0,0,1,1,1,1,1,0,1,1,1,1,1,1
xbiiIIMOOoo:0,0,0,0,0,0,0,0,1,1,1,1,1,0,0,0,0,0,0,0
xbiiIIMOoOO:0,0,0,0,0,0,0,0,1,1,1,1,0,1,1,1,1,1,1,1
xbiiIIMOoOo:0,0,0,0,0,0,0,0,1,1,1,1,0,1,0,0,0,0,0,0
xbiiIIMOooO:0,0,0,0,0,0,0,0,1,1,1,1,0,0,1,1,1,1,1,1
xbiiIIMOooo:0,0,0,0,0,0,0,0,1,1,1,1,0,0,0,0,0,0,0,0
xbiiIIMoOOO:0,0,0,0,0,0,0,0,1,1,1,0,1,1,1,1,1,1,1,1
xbiiIIMoOOo:0,0,0,0,0,0,0,0,1,1,1,0,1,1,0,0,0,0,0,0
xbiiIIMoOoO:0,0,0,0,0,0,0,0,1,1,1,0,1,0,1,1,1,1,1,1
xbiiIIMoOoo:0,0,0,0,0,0,0,0,1,1,1,0,1,0,0,0,0,0,0,0
xbiiIIMooOO:0,0,0,0,0,0,0,0,1,1,1,0,0,1,1,1,1,1,1,1
xbiiIIMooOo:0,0,0,0,0,0,0,0,1,1,1,0,0,1,0,0,0,0,0,0
xbiiIIMoooO:0,0,0,0,0,0,0,0,1,1,1,0,0,0,1,1,1,1,1,1
xbiiIIMoooo:0,0,0,0,0,0,0,0,1,1,1,0,0,0,0,0,0,0,0,0
xbiiIImOOOO:0,0,0,0,0,0,0,0,1,1,0,1,1,1,1,1,1,1,1,1
xbiiIImOOOo:0,0,0,0,0,0,0,0,1,1,0,1,1,1,0,0,0,0,0,0
xbiiIImOOoO:0,0,0,0,0,0,0,0,1,1,0,1,1,0,1,1,1,1,1,1
xbiiIImOOoo:0,0,0,0,0,0,0,0,1,1,0,1,1,0,0,0,0,0,0,0
xbiiIImOoOO:0,0,0,0,0,0,0,0,1,1,0,1,0,1,1,1,1,1,1,1
xbiiIImOoOo:0,0,0,0,0,0,0,0,1,1,0,1,0,1,0,0,0,0,0,0
xbiiIImOooO:0,0,0,0,0,0,0,0,1,1,0,1,0,0,1,1,1,1,1,1
xbiiIImOooo:0,0,0,0,0,0,0,0,1,1,0,1,0,0,0,0,0,0,0,0
xbiiIImoOOO:0,0,0,0,0,0,0,0,1,1,0,0,1,1,1,1,1,1,1,1
xbiiIImoOOo:0,0,0,0,0,0,0,0,1,1,0,0,1,1,0,0,0,0,0,0
xbiiIImoOoO:0,0,0,0,0,0,0,0,1,1,0,0,1,0,1,1,1,1,1,1
xbiiIImoOoo:0,0,0,0,0,0,0,0,1,1,0,0,1,0,0,0,0,0,0,0
xbiiIImooOO:0,0,0,0,0,0,0,0,1,1,0,0,0,1,1,1,1,1,1,1
xbiiIImooOo:0,0,0,0,0,0,0,0,1,1,0,0,0,1,0,0,0,0,0,0
xbiiIImoooO:0,0,0,0,0,0,0,0,1,1,0,0,0,0,1,1,1,1,1,1
xbiiIImoooo:0,0,0,0,0,0,0,0,1,1,0,0,0,0,0,0,0,0,0,0
xbiiIiMOOOO:0,0,0,0,0,0,0,0,1,0,1,1,1,1,1,1,1,1,1,1
xbiiIiMOOOo:0,0,0,0,0,0,0,0,1,0,1,1,1,1,0,0,0,0,0,0
xbiiIiMOOoO:0,0,0,0,0,0,0,0,1,0,1,1,1,0,1,1,1,1,1,1
xbiiIiMOOoo:0,0,0,0,0,0,0,0,1,0,1,1,1,0,0,0,0,0,0,0
xbiiIiMOoOO:0,0,0,0,0,0,0,0,1,0,1,1,0,1,1,1,1,1,1,1
xbiiIiMOoOo:0,0,0,0,0,0,0,0,1,0,1,1,0,1,0,0,0,0,0,0
xbiiIiMOooO:0,0,0,0,0,0,0,0,1,0,1,1,0,0,1,1,1,1,1,1
xbiiIiMOooo:0,0,0,0,0,0,0,0,1,0,1,1,0,0,0,0,0,0,0,0
xbiiIiMoOOO:0,0,0,0,0,0,0,0,1,0,1,0,1,1,1,1,1,1,1,1
xbiiIiMoOOo:0,0,0,0,0,0,0,0,1,0,1,0,1,1,0,0,0,0,0,0
xbiiIiMoOoO:0,0,0,0,0,0,0,0,1,0,1,0,1,0,1,1,1,1,1,1
xbiiIiMoOoo:0,0,0,0,0,0,0,0,1,0,1,0,1,0,0,0,0,0,0,0
xbiiIiMooOO:0,0,0,0,0,0,0,0,1,0,1,0,0,1,1,1,1,1,1,1
xbiiIiMooOo:0,0,0,0,0,0,0,0,1,0,1,0,0,1,0,0,0,0,0,0
xbiiIiMoooO:0,0,0,0,0,0,0,0,1,0,1,0,0,0,1,1,1,1,1,1
xbiiIiMoooo:0,0,0,0,0,0,0,0,1,0,1,0,0,0,0,0,0,0,0,0
xbiiIimOOOO:0,0,0,0,0,0,0,0,1,0,0,1,1,1,1,1,1,1,1,1
xbiiIimOOOo:0,0,0,0,0,0,0,0,1,0,0,1,1,1,0,0,0,0,0,0
xbiiIimOOoO:0,0,0,0,0,0,0,0,1,0,0,1,1,0,1,1,1,1,1,1
xbiiIimOOoo:0,0,0,0,0,0,0,0,1,0,0,1,1,0,0,0,0,0,0,0
xbiiIimOoOO:0,0,0,0,0,0,0,0,1,0,0,1,0,1,1,1,1,1,1,1
xbiiIimOoOo:0,0,0,0,0,0,0,0,1,0,0,1,0,1,0,0,0,0,0,0
xbiiIimOooO:0,0,0,0,0,0,0,0,1,0,0,1,0,0,1,1,1,1,1,1
xbiiIimOooo:0,0,0,0,0,0,0,0,1,0,0,1,0,0,0,0,0,0,0,0
xbiiIimoOOO:0,0,0,0,0,0,0,0,1,0,0,0,1,1,1,1,1,1,1,1
xbiiIimoOOo:0,0,0,0,0,0,0,0,1,0,0,0,1,1,0,0,0,0,0,0
xbiiIimoOoO:0,0,0,0,0,0,0,0,1,0,0,0,1,0,1,1,1,1,1,1
xbiiIimoOoo:0,0,0,0,0,0,0,0,1,0,0,0,1,0,0,0,0,0,0,0
xbiiIimooOO:0,0,0,0,0,0,0,0,1,0,0,0,0,1,1,1,1,1,1,1
xbiiIimooOo:0,0,0,0,0,0,0,0,1,0,0,0,0,1,0,0,0,0,0,0
xbiiIimoooO:0,0,0,0,0,0,0,0,1,0,0,0,0,0,1,1,1,1,1,1
xbiiIimoooo:0,0,0,0,0,0,0,0,1,0,0,0,0,0,0,0,0,0,0,0
xbiiiIMOOOO:0,0,0,0,0,0,0,0,0,1,1,1,1,1,1,1,1,1,1,1
xbiiiIMOOOo:0,0,0,0,0,0,0,0,0,1,1,1,1,1,0,0,0,0,0,0
xbiiiIMOOoO:0,0,0,0,0,0,0,0,0,1,1,1,1,0,1,1,1,1,1,1
xbiiiIMOOoo:0,0,0,0,0,0,0,0,0,1,1,1,1,0,0,0,0,0,0,0
xbiiiIMOoOO:0,0,0,0,0,0,0,0,0,1,1,1,0,1,1,1,1,1,1,1
xbiiiIMOoOo:0,0,0,0,0,0,0,0,0,1,1,1,0,1,0,0,0,0,0,0
xbiiiIMOooO:0,0,0,0,0,0,0,0,0,1,1,1,0,0,1,1,1,1,1,1
xbiiiIMOooo:0,0,0,0,0,0,0,0,0,1,1,1,0,0,0,0,0,0,0,0
xbiiiIMoOOO:0,0,0,0,0,0,0,0,0,1,1,0,1,1,1,1,1,1,1,1
xbiiiIMoOOo:0,0,0,0,0,0,0,0,0,1,1,0,1,1,0,0,0,0,0,0
xbiiiIMoOoO:0,0,0,0,0,0,0,0,0,1,1,0,1,0,1,1,1,1,1,1
xbiiiIMoOoo:0,0,0,0,0,0,0,0,0,1,1,0,1,0,0,0,0,0,0,0
xbiiiIMooOO:0,0,0,0,0,0,0,0,0,1,1,0,0,1,1,1,1,1,1,1
xbiiiIMooOo:0,0,0,0,0,0,0,0,0,1,1,0,0,1,0,0,0,0,0,0
xbiiiIMoooO:0,0,0,0,0,0,0,0,0,1,1,0,0,0,1,1,1,1,1,1
xbiiiIMoooo:0,0,0,0,0,0,0,0,0,1,1,0,0,0,0,0,0,0,0,0
xbiiiImOOOO:0,0,0,0,0,0,0,0,0,1,0,1,1,1,1,1,1,1,1,1
xbiiiImOOOo:0,0,0,0,0,0,0,0,0,1,0,1,1,1,0,0,0,0,0,0
xbiiiImOOoO:0,0,0,0,0,0,0,0,0,1,0,1,1,0,1,1,1,1,1,1
xbiiiImOOoo:0,0,0,0,0,0,0,0,0,1,0,1,1,0,0,0,0,0,0,0
xbiiiImOoOO:0,0,0,0,0,0,0,0,0,1,0,1,0,1,1,1,1,1,1,1
xbiiiImOoOo:0,0,0,0,0,0,0,0,0,1,0,1,0,1,0,0,0,0,0,0
xbiiiImOooO:0,0,0,0,0,0,0,0,0,1,0,1,0,0,1,1,1,1,1,1
xbiiiImOooo:0,0,0,0,0,0,0,0,0,1,0,1,0,0,0,0,0,0,0,0
xbiiiImoOOO:0,0,0,0,0,0,0,0,0,1,0,0,1,1,1,1,1,1,1,1
xbiiiImoOOo:0,0,0,0,0,0,0,0,0,1,0,0,1,1,0,0,0,0,0,0
xbiiiImoOoO:0,0,0,0,0,0,0,0,0,1,0,0,1,0,1,1,1,1,1,1
xbiiiImoOoo:0,0,0,0,0,0,0,0,0,1,0,0,1,0,0,0,0,0,0,0
xbiiiImooOO:0,0,0,0,0,0,0,0,0,1,0,0,0,1,1,1,1,1,1,1
xbiiiImooOo:0,0,0,0,0,0,0,0,0,1,0,0,0,1,0,0,0,0,0,0
xbiiiImoooO:0,0,0,0,0,0,0,0,0,1,0,0,0,0,1,1,1,1,1,1
xbiiiImoooo:0,0,0,0,0,0,0,0,0,1,0,0,0,0,0,0,0,0,0,0
xbiiiiMOOOO:0,0,0,0,0,0,0,0,0,0,1,1,1,1,1,1,1,1,1,1
xbiiiiMOOOo:0,0,0,0,0,0,0,0,0,0,1,1,1,1,0,0,0,0,0,0
xbiiiiMOOoO:0,0,0,0,0,0,0,0,0,0,1,1,1,0,1,1,1,1,1,1
xbiiiiMOOoo:0,0,0,0,0,0,0,0,0,0,1,1,1,0,0,0,0,0,0,0
xbiiiiMOoOO:0,0,0,0,0,0,0,0,0,0,1,1,0,1,1,1,1,1,1,1
xbiiiiMOoOo:0,0,0,0,0,0,0,0,0,0,1,1,0,1,0,0,0,0,0,0
xbiiiiMOooO:0,0,0,0,0,0,0,0,0,0,1,1,0,0,1,1,1,1,1,1
xbiiiiMOooo:0,0,0,0,0,0,0,0,0,0,1,1,0,0,0,0,0,0,0,0
xbiiiiMoOOO:0,0,0,0,0,0,0,0,0,0,1,0,1,1,1,1,1,1,1,1
xbiiiiMoOOo:0,0,0,0,0,0,0,0,0,0,1,0,1,1,0,0,0,0,0,0
xbiiiiMoOoO:0,0,0,0,0,0,0,0,0,0,1,0,1,0,1,1,1,1,1,1
xbiiiiMoOoo:0,0,0,0,0,0,0,0,0,0,1,0,1,0,0,0,0,0,0,0
xbiiiiMooOO:0,0,0,0,0,0,0,0,0,0,1,0,0,1,1,1,1,1,1,1
xbiiiiMooOo:0,0,0,0,0,0,0,0,0,0,1,0,0,1,0,0,0,0,0,0
xbiiiiMoooO:0,0,0,0,0,0,0,0,0,0,1,0,0,0,1,1,1,1,1,1
xbiiiiMoooo:0,0,0,0,0,0,0,0,0,0,1,0,0,0,0,0,0,0,0,0
xbiiiimOOOO:0,0,0,0,0,0,0,0,0,0,0,1,1,1,1,1,1,1,1,1
xbiiiimOOOo:0,0,0,0,0,0,0,0,0,0,0,1,1,1,0,0,0,0,0,0
xbiiiimOOoO:0,0,0,0,0,0,0,0,0,0,0,1,1,0,1,1,1,1,1,1
xbiiiimOOoo:0,0,0,0,0,0,0,0,0,0,0,1,1,0,0,0,0,0,0,0
xbiiiimOoOO:0,0,0,0,0,0,0,0,0,0,0,1,0,1,1,1,1,1,1,1
xbiiiimOoOo:0,0,0,0,0,0,0,0,0,0,0,1,0,1,0,0,0,0,0,0
xbiiiimOooO:0,0,0,0,0,0,0,0,0,0,0,1,0,0,1,1,1,1,1,1
xbiiiimOooo:0,0,0,0,0,0,0,0,0,0,0,1,0,0,0,0,0,0,0,0
xbiiiimoOOO:0,0,0,0,0,0,0,0,0,0,0,0,1,1,1,1,1,1,1,1
xbiiiimoOOo:0,0,0,0,0,0,0,0,0,0,0,0,1,1,0,0,0,0,0,0
xbiiiimoOoO:0,0,0,0,0,0,0,0,0,0,0,0,1,0,1,1,1,1,1,1
xbiiiimoOoo:0,0,0,0,0,0,0,0,0,0,0,0,1,0,0,0,0,0,0,0
xbiiiimooOO:0,0,0,0,0,0,0,0,0,0,0,0,0,1,1,1,1,1,1,1
xbiiiimooOo:0,0,0,0,0,0,0,0,0,0,0,0,0,1,0,0,0,0,0,0
xbiiiimoooO:0,0,0,0,0,0,0,0,0,0,0,0,0,0,1,1,1,1,1,1
xbiiiimoooo:0,0,0,0,0,0,0,0,0,0,0,0,0,0,0,0,0,0,0,0

